	Cell_UUID	Metadata_DNA	Mitocheck_Phenotypic_Class	Model_Feature_Type	Model_C	Model_l1_ratio	Model_Phenotypic_Class	Predicted_Label	Predicted_Probability
0	009a4190-7583-4821-9a17-737f0485d252	LT0010_27/LT0010_27_173_83.tif	Not ADCCM	CP	0.01	0.2	ADCCM	Negative_Label	0.6512190778967119
1	009a4190-7583-4821-9a17-737f0485d252	LT0010_27/LT0010_27_173_83.tif	Not ADCCM	CP	0.01	0.2	ADCCM	Positive_Label	0.34878092210328815
2	009a4190-7583-4821-9a17-737f0485d252	LT0010_27/LT0010_27_173_83.tif	Not Anaphase	CP	0.01	0.0	Anaphase	Negative_Label	0.6476649329549169
3	009a4190-7583-4821-9a17-737f0485d252	LT0010_27/LT0010_27_173_83.tif	Not Anaphase	CP	0.01	0.0	Anaphase	Positive_Label	0.3523350670450831
4	009a4190-7583-4821-9a17-737f0485d252	LT0010_27/LT0010_27_173_83.tif	Not Apoptosis	CP	0.01	0.1	Apoptosis	Negative_Label	0.9134954795480176
5	009a4190-7583-4821-9a17-737f0485d252	LT0010_27/LT0010_27_173_83.tif	Not Apoptosis	CP	0.01	0.1	Apoptosis	Positive_Label	0.08650452045198243
6	009a4190-7583-4821-9a17-737f0485d252	LT0010_27/LT0010_27_173_83.tif	Not Binuclear	CP	0.1	0.0	Binuclear	Negative_Label	0.990311789362704
7	009a4190-7583-4821-9a17-737f0485d252	LT0010_27/LT0010_27_173_83.tif	Not Binuclear	CP	0.1	0.0	Binuclear	Positive_Label	0.009688210637295969
8	009a4190-7583-4821-9a17-737f0485d252	LT0010_27/LT0010_27_173_83.tif	Elongated	CP	0.1	0.1	Elongated	Negative_Label	0.01044333181306733
9	009a4190-7583-4821-9a17-737f0485d252	LT0010_27/LT0010_27_173_83.tif	Elongated	CP	0.1	0.1	Elongated	Positive_Label	0.9895566681869327
10	009a4190-7583-4821-9a17-737f0485d252	LT0010_27/LT0010_27_173_83.tif	Not Grape	CP	0.01	0.0	Grape	Negative_Label	0.6920335462020468
11	009a4190-7583-4821-9a17-737f0485d252	LT0010_27/LT0010_27_173_83.tif	Not Grape	CP	0.01	0.0	Grape	Positive_Label	0.3079664537979532
12	009a4190-7583-4821-9a17-737f0485d252	LT0010_27/LT0010_27_173_83.tif	Not Hole	CP	0.01	0.1	Hole	Negative_Label	0.688083317373379
13	009a4190-7583-4821-9a17-737f0485d252	LT0010_27/LT0010_27_173_83.tif	Not Hole	CP	0.01	0.1	Hole	Positive_Label	0.311916682626621
14	009a4190-7583-4821-9a17-737f0485d252	LT0010_27/LT0010_27_173_83.tif	Not Interphase	CP	1.0	0.0	Interphase	Negative_Label	0.8875918232505277
15	009a4190-7583-4821-9a17-737f0485d252	LT0010_27/LT0010_27_173_83.tif	Not Interphase	CP	1.0	0.0	Interphase	Positive_Label	0.11240817674947234
16	009a4190-7583-4821-9a17-737f0485d252	LT0010_27/LT0010_27_173_83.tif	Not Large	CP	0.01	0.1	Large	Negative_Label	0.6228521923358552
17	009a4190-7583-4821-9a17-737f0485d252	LT0010_27/LT0010_27_173_83.tif	Not Large	CP	0.01	0.1	Large	Positive_Label	0.3771478076641448
18	009a4190-7583-4821-9a17-737f0485d252	LT0010_27/LT0010_27_173_83.tif	Not Metaphase	CP	0.1	0.2	Metaphase	Negative_Label	0.39388733746586796
19	009a4190-7583-4821-9a17-737f0485d252	LT0010_27/LT0010_27_173_83.tif	Not Metaphase	CP	0.1	0.2	Metaphase	Positive_Label	0.606112662534132
20	009a4190-7583-4821-9a17-737f0485d252	LT0010_27/LT0010_27_173_83.tif	Not MetaphaseAlignment	CP	0.1	0.5	MetaphaseAlignment	Negative_Label	0.8088326922448978
21	009a4190-7583-4821-9a17-737f0485d252	LT0010_27/LT0010_27_173_83.tif	Not MetaphaseAlignment	CP	0.1	0.5	MetaphaseAlignment	Positive_Label	0.19116730775510216
22	009a4190-7583-4821-9a17-737f0485d252	LT0010_27/LT0010_27_173_83.tif	Not OutOfFocus	CP	0.1	0.1	OutOfFocus	Negative_Label	0.9968404883874771
23	009a4190-7583-4821-9a17-737f0485d252	LT0010_27/LT0010_27_173_83.tif	Not OutOfFocus	CP	0.1	0.1	OutOfFocus	Positive_Label	0.0031595116125229016
24	009a4190-7583-4821-9a17-737f0485d252	LT0010_27/LT0010_27_173_83.tif	Not Polylobed	CP	0.1	0.6000000000000001	Polylobed	Negative_Label	0.8134713967738672
25	009a4190-7583-4821-9a17-737f0485d252	LT0010_27/LT0010_27_173_83.tif	Not Polylobed	CP	0.1	0.6000000000000001	Polylobed	Positive_Label	0.1865286032261329
26	009a4190-7583-4821-9a17-737f0485d252	LT0010_27/LT0010_27_173_83.tif	Not Prometaphase	CP	1.0	0.7000000000000001	Prometaphase	Negative_Label	0.9323548237787558
27	009a4190-7583-4821-9a17-737f0485d252	LT0010_27/LT0010_27_173_83.tif	Not Prometaphase	CP	1.0	0.7000000000000001	Prometaphase	Positive_Label	0.0676451762212442
28	009a4190-7583-4821-9a17-737f0485d252	LT0010_27/LT0010_27_173_83.tif	Not SmallIrregular	CP	1.0	0.8	SmallIrregular	Negative_Label	0.9482847537504532
29	009a4190-7583-4821-9a17-737f0485d252	LT0010_27/LT0010_27_173_83.tif	Not SmallIrregular	CP	1.0	0.8	SmallIrregular	Positive_Label	0.05171524624954686
30	10632c54-fb51-40b2-8464-953b771f1738	LT0010_27/LT0010_27_173_83.tif	Not ADCCM	CP	0.01	0.2	ADCCM	Negative_Label	0.7381126467922147
31	10632c54-fb51-40b2-8464-953b771f1738	LT0010_27/LT0010_27_173_83.tif	Not ADCCM	CP	0.01	0.2	ADCCM	Positive_Label	0.26188735320778533
32	10632c54-fb51-40b2-8464-953b771f1738	LT0010_27/LT0010_27_173_83.tif	Not Anaphase	CP	0.01	0.0	Anaphase	Negative_Label	0.312214065447903
33	10632c54-fb51-40b2-8464-953b771f1738	LT0010_27/LT0010_27_173_83.tif	Not Anaphase	CP	0.01	0.0	Anaphase	Positive_Label	0.687785934552097
34	10632c54-fb51-40b2-8464-953b771f1738	LT0010_27/LT0010_27_173_83.tif	Not Apoptosis	CP	0.01	0.1	Apoptosis	Negative_Label	0.8357569134371734
35	10632c54-fb51-40b2-8464-953b771f1738	LT0010_27/LT0010_27_173_83.tif	Not Apoptosis	CP	0.01	0.1	Apoptosis	Positive_Label	0.1642430865628266
36	10632c54-fb51-40b2-8464-953b771f1738	LT0010_27/LT0010_27_173_83.tif	Not Binuclear	CP	0.1	0.0	Binuclear	Negative_Label	0.9989199895936425
37	10632c54-fb51-40b2-8464-953b771f1738	LT0010_27/LT0010_27_173_83.tif	Not Binuclear	CP	0.1	0.0	Binuclear	Positive_Label	0.0010800104063575233
38	10632c54-fb51-40b2-8464-953b771f1738	LT0010_27/LT0010_27_173_83.tif	Elongated	CP	0.1	0.1	Elongated	Negative_Label	0.664357824536883
39	10632c54-fb51-40b2-8464-953b771f1738	LT0010_27/LT0010_27_173_83.tif	Elongated	CP	0.1	0.1	Elongated	Positive_Label	0.33564217546311703
40	10632c54-fb51-40b2-8464-953b771f1738	LT0010_27/LT0010_27_173_83.tif	Not Grape	CP	0.01	0.0	Grape	Negative_Label	0.895010193050209
41	10632c54-fb51-40b2-8464-953b771f1738	LT0010_27/LT0010_27_173_83.tif	Not Grape	CP	0.01	0.0	Grape	Positive_Label	0.10498980694979099
42	10632c54-fb51-40b2-8464-953b771f1738	LT0010_27/LT0010_27_173_83.tif	Not Hole	CP	0.01	0.1	Hole	Negative_Label	0.7119444356721927
43	10632c54-fb51-40b2-8464-953b771f1738	LT0010_27/LT0010_27_173_83.tif	Not Hole	CP	0.01	0.1	Hole	Positive_Label	0.2880555643278073
44	10632c54-fb51-40b2-8464-953b771f1738	LT0010_27/LT0010_27_173_83.tif	Not Interphase	CP	1.0	0.0	Interphase	Negative_Label	0.1963628102407556
45	10632c54-fb51-40b2-8464-953b771f1738	LT0010_27/LT0010_27_173_83.tif	Not Interphase	CP	1.0	0.0	Interphase	Positive_Label	0.8036371897592444
46	10632c54-fb51-40b2-8464-953b771f1738	LT0010_27/LT0010_27_173_83.tif	Not Large	CP	0.01	0.1	Large	Negative_Label	0.8603689812765439
47	10632c54-fb51-40b2-8464-953b771f1738	LT0010_27/LT0010_27_173_83.tif	Not Large	CP	0.01	0.1	Large	Positive_Label	0.13963101872345607
48	10632c54-fb51-40b2-8464-953b771f1738	LT0010_27/LT0010_27_173_83.tif	Not Metaphase	CP	0.1	0.2	Metaphase	Negative_Label	0.2959328557184458
49	10632c54-fb51-40b2-8464-953b771f1738	LT0010_27/LT0010_27_173_83.tif	Not Metaphase	CP	0.1	0.2	Metaphase	Positive_Label	0.7040671442815543
50	10632c54-fb51-40b2-8464-953b771f1738	LT0010_27/LT0010_27_173_83.tif	Not MetaphaseAlignment	CP	0.1	0.5	MetaphaseAlignment	Negative_Label	0.6911370153183093
51	10632c54-fb51-40b2-8464-953b771f1738	LT0010_27/LT0010_27_173_83.tif	Not MetaphaseAlignment	CP	0.1	0.5	MetaphaseAlignment	Positive_Label	0.3088629846816907
52	10632c54-fb51-40b2-8464-953b771f1738	LT0010_27/LT0010_27_173_83.tif	Not OutOfFocus	CP	0.1	0.1	OutOfFocus	Negative_Label	0.9574022399426793
53	10632c54-fb51-40b2-8464-953b771f1738	LT0010_27/LT0010_27_173_83.tif	Not OutOfFocus	CP	0.1	0.1	OutOfFocus	Positive_Label	0.042597760057320716
54	10632c54-fb51-40b2-8464-953b771f1738	LT0010_27/LT0010_27_173_83.tif	Not Polylobed	CP	0.1	0.6000000000000001	Polylobed	Negative_Label	0.9688684004787238
55	10632c54-fb51-40b2-8464-953b771f1738	LT0010_27/LT0010_27_173_83.tif	Not Polylobed	CP	0.1	0.6000000000000001	Polylobed	Positive_Label	0.031131599521276213
56	10632c54-fb51-40b2-8464-953b771f1738	LT0010_27/LT0010_27_173_83.tif	Not Prometaphase	CP	1.0	0.7000000000000001	Prometaphase	Negative_Label	0.9572412310244108
57	10632c54-fb51-40b2-8464-953b771f1738	LT0010_27/LT0010_27_173_83.tif	Not Prometaphase	CP	1.0	0.7000000000000001	Prometaphase	Positive_Label	0.042758768975589126
58	10632c54-fb51-40b2-8464-953b771f1738	LT0010_27/LT0010_27_173_83.tif	Not SmallIrregular	CP	1.0	0.8	SmallIrregular	Negative_Label	0.0921722187221603
59	10632c54-fb51-40b2-8464-953b771f1738	LT0010_27/LT0010_27_173_83.tif	Not SmallIrregular	CP	1.0	0.8	SmallIrregular	Positive_Label	0.9078277812778397
60	109cd0a6-97dd-4c77-9de0-7cc1b084aaf2	LT0010_27/LT0010_27_173_83.tif	Not ADCCM	CP	0.01	0.2	ADCCM	Negative_Label	0.6519868815712809
61	109cd0a6-97dd-4c77-9de0-7cc1b084aaf2	LT0010_27/LT0010_27_173_83.tif	Not ADCCM	CP	0.01	0.2	ADCCM	Positive_Label	0.34801311842871907
62	109cd0a6-97dd-4c77-9de0-7cc1b084aaf2	LT0010_27/LT0010_27_173_83.tif	Not Anaphase	CP	0.01	0.0	Anaphase	Negative_Label	0.473040566569578
63	109cd0a6-97dd-4c77-9de0-7cc1b084aaf2	LT0010_27/LT0010_27_173_83.tif	Not Anaphase	CP	0.01	0.0	Anaphase	Positive_Label	0.526959433430422
64	109cd0a6-97dd-4c77-9de0-7cc1b084aaf2	LT0010_27/LT0010_27_173_83.tif	Not Apoptosis	CP	0.01	0.1	Apoptosis	Negative_Label	0.8675504925966906
65	109cd0a6-97dd-4c77-9de0-7cc1b084aaf2	LT0010_27/LT0010_27_173_83.tif	Not Apoptosis	CP	0.01	0.1	Apoptosis	Positive_Label	0.1324495074033094
66	109cd0a6-97dd-4c77-9de0-7cc1b084aaf2	LT0010_27/LT0010_27_173_83.tif	Not Binuclear	CP	0.1	0.0	Binuclear	Negative_Label	0.9892226248515442
67	109cd0a6-97dd-4c77-9de0-7cc1b084aaf2	LT0010_27/LT0010_27_173_83.tif	Not Binuclear	CP	0.1	0.0	Binuclear	Positive_Label	0.010777375148455781
68	109cd0a6-97dd-4c77-9de0-7cc1b084aaf2	LT0010_27/LT0010_27_173_83.tif	Elongated	CP	0.1	0.1	Elongated	Negative_Label	0.16895966496470377
69	109cd0a6-97dd-4c77-9de0-7cc1b084aaf2	LT0010_27/LT0010_27_173_83.tif	Elongated	CP	0.1	0.1	Elongated	Positive_Label	0.8310403350352962
70	109cd0a6-97dd-4c77-9de0-7cc1b084aaf2	LT0010_27/LT0010_27_173_83.tif	Not Grape	CP	0.01	0.0	Grape	Negative_Label	0.7893785404045798
71	109cd0a6-97dd-4c77-9de0-7cc1b084aaf2	LT0010_27/LT0010_27_173_83.tif	Not Grape	CP	0.01	0.0	Grape	Positive_Label	0.21062145959542022
72	109cd0a6-97dd-4c77-9de0-7cc1b084aaf2	LT0010_27/LT0010_27_173_83.tif	Not Hole	CP	0.01	0.1	Hole	Negative_Label	0.6285612166933415
73	109cd0a6-97dd-4c77-9de0-7cc1b084aaf2	LT0010_27/LT0010_27_173_83.tif	Not Hole	CP	0.01	0.1	Hole	Positive_Label	0.37143878330665847
74	109cd0a6-97dd-4c77-9de0-7cc1b084aaf2	LT0010_27/LT0010_27_173_83.tif	Not Interphase	CP	1.0	0.0	Interphase	Negative_Label	0.30885024460085464
75	109cd0a6-97dd-4c77-9de0-7cc1b084aaf2	LT0010_27/LT0010_27_173_83.tif	Not Interphase	CP	1.0	0.0	Interphase	Positive_Label	0.6911497553991454
76	109cd0a6-97dd-4c77-9de0-7cc1b084aaf2	LT0010_27/LT0010_27_173_83.tif	Not Large	CP	0.01	0.1	Large	Negative_Label	0.7710761727585111
77	109cd0a6-97dd-4c77-9de0-7cc1b084aaf2	LT0010_27/LT0010_27_173_83.tif	Not Large	CP	0.01	0.1	Large	Positive_Label	0.22892382724148885
78	109cd0a6-97dd-4c77-9de0-7cc1b084aaf2	LT0010_27/LT0010_27_173_83.tif	Not Metaphase	CP	0.1	0.2	Metaphase	Negative_Label	0.1622186902982036
79	109cd0a6-97dd-4c77-9de0-7cc1b084aaf2	LT0010_27/LT0010_27_173_83.tif	Not Metaphase	CP	0.1	0.2	Metaphase	Positive_Label	0.8377813097017964
80	109cd0a6-97dd-4c77-9de0-7cc1b084aaf2	LT0010_27/LT0010_27_173_83.tif	Not MetaphaseAlignment	CP	0.1	0.5	MetaphaseAlignment	Negative_Label	0.728345393690533
81	109cd0a6-97dd-4c77-9de0-7cc1b084aaf2	LT0010_27/LT0010_27_173_83.tif	Not MetaphaseAlignment	CP	0.1	0.5	MetaphaseAlignment	Positive_Label	0.27165460630946703
82	109cd0a6-97dd-4c77-9de0-7cc1b084aaf2	LT0010_27/LT0010_27_173_83.tif	Not OutOfFocus	CP	0.1	0.1	OutOfFocus	Negative_Label	0.9955732420705945
83	109cd0a6-97dd-4c77-9de0-7cc1b084aaf2	LT0010_27/LT0010_27_173_83.tif	Not OutOfFocus	CP	0.1	0.1	OutOfFocus	Positive_Label	0.004426757929405449
84	109cd0a6-97dd-4c77-9de0-7cc1b084aaf2	LT0010_27/LT0010_27_173_83.tif	Not Polylobed	CP	0.1	0.6000000000000001	Polylobed	Negative_Label	0.8728288586437833
85	109cd0a6-97dd-4c77-9de0-7cc1b084aaf2	LT0010_27/LT0010_27_173_83.tif	Not Polylobed	CP	0.1	0.6000000000000001	Polylobed	Positive_Label	0.12717114135621668
86	109cd0a6-97dd-4c77-9de0-7cc1b084aaf2	LT0010_27/LT0010_27_173_83.tif	Not Prometaphase	CP	1.0	0.7000000000000001	Prometaphase	Negative_Label	0.9405217539057557
87	109cd0a6-97dd-4c77-9de0-7cc1b084aaf2	LT0010_27/LT0010_27_173_83.tif	Not Prometaphase	CP	1.0	0.7000000000000001	Prometaphase	Positive_Label	0.05947824609424439
88	109cd0a6-97dd-4c77-9de0-7cc1b084aaf2	LT0010_27/LT0010_27_173_83.tif	Not SmallIrregular	CP	1.0	0.8	SmallIrregular	Negative_Label	0.9002459798067938
89	109cd0a6-97dd-4c77-9de0-7cc1b084aaf2	LT0010_27/LT0010_27_173_83.tif	Not SmallIrregular	CP	1.0	0.8	SmallIrregular	Positive_Label	0.0997540201932062
90	14971efd-c038-4c91-8e63-e1a18f6cf414	LT0010_27/LT0010_27_173_83.tif	Not ADCCM	CP	0.01	0.2	ADCCM	Negative_Label	0.6187544755720809
91	14971efd-c038-4c91-8e63-e1a18f6cf414	LT0010_27/LT0010_27_173_83.tif	Not ADCCM	CP	0.01	0.2	ADCCM	Positive_Label	0.38124552442791915
92	14971efd-c038-4c91-8e63-e1a18f6cf414	LT0010_27/LT0010_27_173_83.tif	Not Anaphase	CP	0.01	0.0	Anaphase	Negative_Label	0.704180574520972
93	14971efd-c038-4c91-8e63-e1a18f6cf414	LT0010_27/LT0010_27_173_83.tif	Not Anaphase	CP	0.01	0.0	Anaphase	Positive_Label	0.29581942547902795
94	14971efd-c038-4c91-8e63-e1a18f6cf414	LT0010_27/LT0010_27_173_83.tif	Not Apoptosis	CP	0.01	0.1	Apoptosis	Negative_Label	0.927995782330487
95	14971efd-c038-4c91-8e63-e1a18f6cf414	LT0010_27/LT0010_27_173_83.tif	Not Apoptosis	CP	0.01	0.1	Apoptosis	Positive_Label	0.07200421766951304
96	14971efd-c038-4c91-8e63-e1a18f6cf414	LT0010_27/LT0010_27_173_83.tif	Not Binuclear	CP	0.1	0.0	Binuclear	Negative_Label	0.9948266563129793
97	14971efd-c038-4c91-8e63-e1a18f6cf414	LT0010_27/LT0010_27_173_83.tif	Not Binuclear	CP	0.1	0.0	Binuclear	Positive_Label	0.005173343687020715
98	14971efd-c038-4c91-8e63-e1a18f6cf414	LT0010_27/LT0010_27_173_83.tif	Elongated	CP	0.1	0.1	Elongated	Negative_Label	0.014017863276767423
99	14971efd-c038-4c91-8e63-e1a18f6cf414	LT0010_27/LT0010_27_173_83.tif	Elongated	CP	0.1	0.1	Elongated	Positive_Label	0.9859821367232325
100	14971efd-c038-4c91-8e63-e1a18f6cf414	LT0010_27/LT0010_27_173_83.tif	Not Grape	CP	0.01	0.0	Grape	Negative_Label	0.7935054931274668
101	14971efd-c038-4c91-8e63-e1a18f6cf414	LT0010_27/LT0010_27_173_83.tif	Not Grape	CP	0.01	0.0	Grape	Positive_Label	0.20649450687253323
102	14971efd-c038-4c91-8e63-e1a18f6cf414	LT0010_27/LT0010_27_173_83.tif	Not Hole	CP	0.01	0.1	Hole	Negative_Label	0.697950838854049
103	14971efd-c038-4c91-8e63-e1a18f6cf414	LT0010_27/LT0010_27_173_83.tif	Not Hole	CP	0.01	0.1	Hole	Positive_Label	0.30204916114595104
104	14971efd-c038-4c91-8e63-e1a18f6cf414	LT0010_27/LT0010_27_173_83.tif	Not Interphase	CP	1.0	0.0	Interphase	Negative_Label	0.8473644997334763
105	14971efd-c038-4c91-8e63-e1a18f6cf414	LT0010_27/LT0010_27_173_83.tif	Not Interphase	CP	1.0	0.0	Interphase	Positive_Label	0.15263550026652373
106	14971efd-c038-4c91-8e63-e1a18f6cf414	LT0010_27/LT0010_27_173_83.tif	Not Large	CP	0.01	0.1	Large	Negative_Label	0.7478288557472313
107	14971efd-c038-4c91-8e63-e1a18f6cf414	LT0010_27/LT0010_27_173_83.tif	Not Large	CP	0.01	0.1	Large	Positive_Label	0.25217114425276865
108	14971efd-c038-4c91-8e63-e1a18f6cf414	LT0010_27/LT0010_27_173_83.tif	Not Metaphase	CP	0.1	0.2	Metaphase	Negative_Label	0.4611087568255238
109	14971efd-c038-4c91-8e63-e1a18f6cf414	LT0010_27/LT0010_27_173_83.tif	Not Metaphase	CP	0.1	0.2	Metaphase	Positive_Label	0.5388912431744761
110	14971efd-c038-4c91-8e63-e1a18f6cf414	LT0010_27/LT0010_27_173_83.tif	Not MetaphaseAlignment	CP	0.1	0.5	MetaphaseAlignment	Negative_Label	0.8746205320265966
111	14971efd-c038-4c91-8e63-e1a18f6cf414	LT0010_27/LT0010_27_173_83.tif	Not MetaphaseAlignment	CP	0.1	0.5	MetaphaseAlignment	Positive_Label	0.12537946797340338
112	14971efd-c038-4c91-8e63-e1a18f6cf414	LT0010_27/LT0010_27_173_83.tif	Not OutOfFocus	CP	0.1	0.1	OutOfFocus	Negative_Label	0.9909552706146628
113	14971efd-c038-4c91-8e63-e1a18f6cf414	LT0010_27/LT0010_27_173_83.tif	Not OutOfFocus	CP	0.1	0.1	OutOfFocus	Positive_Label	0.009044729385337139
114	14971efd-c038-4c91-8e63-e1a18f6cf414	LT0010_27/LT0010_27_173_83.tif	Not Polylobed	CP	0.1	0.6000000000000001	Polylobed	Negative_Label	0.7830544783804045
115	14971efd-c038-4c91-8e63-e1a18f6cf414	LT0010_27/LT0010_27_173_83.tif	Not Polylobed	CP	0.1	0.6000000000000001	Polylobed	Positive_Label	0.21694552161959546
116	14971efd-c038-4c91-8e63-e1a18f6cf414	LT0010_27/LT0010_27_173_83.tif	Not Prometaphase	CP	1.0	0.7000000000000001	Prometaphase	Negative_Label	0.8001654247702805
117	14971efd-c038-4c91-8e63-e1a18f6cf414	LT0010_27/LT0010_27_173_83.tif	Not Prometaphase	CP	1.0	0.7000000000000001	Prometaphase	Positive_Label	0.1998345752297195
118	14971efd-c038-4c91-8e63-e1a18f6cf414	LT0010_27/LT0010_27_173_83.tif	Not SmallIrregular	CP	1.0	0.8	SmallIrregular	Negative_Label	0.503653542743043
119	14971efd-c038-4c91-8e63-e1a18f6cf414	LT0010_27/LT0010_27_173_83.tif	Not SmallIrregular	CP	1.0	0.8	SmallIrregular	Positive_Label	0.49634645725695703
120	21da27ab-873a-41f4-ab98-49170cae9a2d	LT0010_27/LT0010_27_173_83.tif	Not ADCCM	CP	0.01	0.2	ADCCM	Negative_Label	0.6393549173469332
121	21da27ab-873a-41f4-ab98-49170cae9a2d	LT0010_27/LT0010_27_173_83.tif	Not ADCCM	CP	0.01	0.2	ADCCM	Positive_Label	0.36064508265306683
122	21da27ab-873a-41f4-ab98-49170cae9a2d	LT0010_27/LT0010_27_173_83.tif	Not Anaphase	CP	0.01	0.0	Anaphase	Negative_Label	0.5152982645251473
123	21da27ab-873a-41f4-ab98-49170cae9a2d	LT0010_27/LT0010_27_173_83.tif	Not Anaphase	CP	0.01	0.0	Anaphase	Positive_Label	0.48470173547485274
124	21da27ab-873a-41f4-ab98-49170cae9a2d	LT0010_27/LT0010_27_173_83.tif	Not Apoptosis	CP	0.01	0.1	Apoptosis	Negative_Label	0.8731041036652238
125	21da27ab-873a-41f4-ab98-49170cae9a2d	LT0010_27/LT0010_27_173_83.tif	Not Apoptosis	CP	0.01	0.1	Apoptosis	Positive_Label	0.12689589633477616
126	21da27ab-873a-41f4-ab98-49170cae9a2d	LT0010_27/LT0010_27_173_83.tif	Not Binuclear	CP	0.1	0.0	Binuclear	Negative_Label	0.9983542985263115
127	21da27ab-873a-41f4-ab98-49170cae9a2d	LT0010_27/LT0010_27_173_83.tif	Not Binuclear	CP	0.1	0.0	Binuclear	Positive_Label	0.0016457014736884767
128	21da27ab-873a-41f4-ab98-49170cae9a2d	LT0010_27/LT0010_27_173_83.tif	Not Elongated	CP	0.1	0.1	Elongated	Negative_Label	0.053361123930727894
129	21da27ab-873a-41f4-ab98-49170cae9a2d	LT0010_27/LT0010_27_173_83.tif	Not Elongated	CP	0.1	0.1	Elongated	Positive_Label	0.9466388760692721
130	21da27ab-873a-41f4-ab98-49170cae9a2d	LT0010_27/LT0010_27_173_83.tif	Not Grape	CP	0.01	0.0	Grape	Negative_Label	0.7933547362574284
131	21da27ab-873a-41f4-ab98-49170cae9a2d	LT0010_27/LT0010_27_173_83.tif	Not Grape	CP	0.01	0.0	Grape	Positive_Label	0.20664526374257164
132	21da27ab-873a-41f4-ab98-49170cae9a2d	LT0010_27/LT0010_27_173_83.tif	Not Hole	CP	0.01	0.1	Hole	Negative_Label	0.6490992860347908
133	21da27ab-873a-41f4-ab98-49170cae9a2d	LT0010_27/LT0010_27_173_83.tif	Not Hole	CP	0.01	0.1	Hole	Positive_Label	0.35090071396520917
134	21da27ab-873a-41f4-ab98-49170cae9a2d	LT0010_27/LT0010_27_173_83.tif	Not Interphase	CP	1.0	0.0	Interphase	Negative_Label	0.6616858590522504
135	21da27ab-873a-41f4-ab98-49170cae9a2d	LT0010_27/LT0010_27_173_83.tif	Not Interphase	CP	1.0	0.0	Interphase	Positive_Label	0.3383141409477496
136	21da27ab-873a-41f4-ab98-49170cae9a2d	LT0010_27/LT0010_27_173_83.tif	Large	CP	0.01	0.1	Large	Negative_Label	0.7842323823444866
137	21da27ab-873a-41f4-ab98-49170cae9a2d	LT0010_27/LT0010_27_173_83.tif	Large	CP	0.01	0.1	Large	Positive_Label	0.21576761765551344
138	21da27ab-873a-41f4-ab98-49170cae9a2d	LT0010_27/LT0010_27_173_83.tif	Not Metaphase	CP	0.1	0.2	Metaphase	Negative_Label	0.2652686308044929
139	21da27ab-873a-41f4-ab98-49170cae9a2d	LT0010_27/LT0010_27_173_83.tif	Not Metaphase	CP	0.1	0.2	Metaphase	Positive_Label	0.7347313691955071
140	21da27ab-873a-41f4-ab98-49170cae9a2d	LT0010_27/LT0010_27_173_83.tif	Not MetaphaseAlignment	CP	0.1	0.5	MetaphaseAlignment	Negative_Label	0.7036970497575308
141	21da27ab-873a-41f4-ab98-49170cae9a2d	LT0010_27/LT0010_27_173_83.tif	Not MetaphaseAlignment	CP	0.1	0.5	MetaphaseAlignment	Positive_Label	0.2963029502424692
142	21da27ab-873a-41f4-ab98-49170cae9a2d	LT0010_27/LT0010_27_173_83.tif	Not OutOfFocus	CP	0.1	0.1	OutOfFocus	Negative_Label	0.9966842961323146
143	21da27ab-873a-41f4-ab98-49170cae9a2d	LT0010_27/LT0010_27_173_83.tif	Not OutOfFocus	CP	0.1	0.1	OutOfFocus	Positive_Label	0.003315703867685378
144	21da27ab-873a-41f4-ab98-49170cae9a2d	LT0010_27/LT0010_27_173_83.tif	Not Polylobed	CP	0.1	0.6000000000000001	Polylobed	Negative_Label	0.8439457025345785
145	21da27ab-873a-41f4-ab98-49170cae9a2d	LT0010_27/LT0010_27_173_83.tif	Not Polylobed	CP	0.1	0.6000000000000001	Polylobed	Positive_Label	0.15605429746542152
146	21da27ab-873a-41f4-ab98-49170cae9a2d	LT0010_27/LT0010_27_173_83.tif	Not Prometaphase	CP	1.0	0.7000000000000001	Prometaphase	Negative_Label	0.8284386812206705
147	21da27ab-873a-41f4-ab98-49170cae9a2d	LT0010_27/LT0010_27_173_83.tif	Not Prometaphase	CP	1.0	0.7000000000000001	Prometaphase	Positive_Label	0.17156131877932942
148	21da27ab-873a-41f4-ab98-49170cae9a2d	LT0010_27/LT0010_27_173_83.tif	Not SmallIrregular	CP	1.0	0.8	SmallIrregular	Negative_Label	0.9387687273302082
149	21da27ab-873a-41f4-ab98-49170cae9a2d	LT0010_27/LT0010_27_173_83.tif	Not SmallIrregular	CP	1.0	0.8	SmallIrregular	Positive_Label	0.061231272669791746
150	2b3356af-0e04-4614-824a-18a79fec4d44	LT0010_27/LT0010_27_173_83.tif	Not ADCCM	CP	0.01	0.2	ADCCM	Negative_Label	0.6467709698238052
151	2b3356af-0e04-4614-824a-18a79fec4d44	LT0010_27/LT0010_27_173_83.tif	Not ADCCM	CP	0.01	0.2	ADCCM	Positive_Label	0.3532290301761948
152	2b3356af-0e04-4614-824a-18a79fec4d44	LT0010_27/LT0010_27_173_83.tif	Not Anaphase	CP	0.01	0.0	Anaphase	Negative_Label	0.7130998975801695
153	2b3356af-0e04-4614-824a-18a79fec4d44	LT0010_27/LT0010_27_173_83.tif	Not Anaphase	CP	0.01	0.0	Anaphase	Positive_Label	0.28690010241983055
154	2b3356af-0e04-4614-824a-18a79fec4d44	LT0010_27/LT0010_27_173_83.tif	Not Apoptosis	CP	0.01	0.1	Apoptosis	Negative_Label	0.9059323562859497
155	2b3356af-0e04-4614-824a-18a79fec4d44	LT0010_27/LT0010_27_173_83.tif	Not Apoptosis	CP	0.01	0.1	Apoptosis	Positive_Label	0.0940676437140503
156	2b3356af-0e04-4614-824a-18a79fec4d44	LT0010_27/LT0010_27_173_83.tif	Not Binuclear	CP	0.1	0.0	Binuclear	Negative_Label	0.9990700246145305
157	2b3356af-0e04-4614-824a-18a79fec4d44	LT0010_27/LT0010_27_173_83.tif	Not Binuclear	CP	0.1	0.0	Binuclear	Positive_Label	0.0009299753854694615
158	2b3356af-0e04-4614-824a-18a79fec4d44	LT0010_27/LT0010_27_173_83.tif	Elongated	CP	0.1	0.1	Elongated	Negative_Label	0.03044565321969751
159	2b3356af-0e04-4614-824a-18a79fec4d44	LT0010_27/LT0010_27_173_83.tif	Elongated	CP	0.1	0.1	Elongated	Positive_Label	0.9695543467803025
160	2b3356af-0e04-4614-824a-18a79fec4d44	LT0010_27/LT0010_27_173_83.tif	Not Grape	CP	0.01	0.0	Grape	Negative_Label	0.8124360747879276
161	2b3356af-0e04-4614-824a-18a79fec4d44	LT0010_27/LT0010_27_173_83.tif	Not Grape	CP	0.01	0.0	Grape	Positive_Label	0.18756392521207244
162	2b3356af-0e04-4614-824a-18a79fec4d44	LT0010_27/LT0010_27_173_83.tif	Not Hole	CP	0.01	0.1	Hole	Negative_Label	0.8301623595759127
163	2b3356af-0e04-4614-824a-18a79fec4d44	LT0010_27/LT0010_27_173_83.tif	Not Hole	CP	0.01	0.1	Hole	Positive_Label	0.16983764042408733
164	2b3356af-0e04-4614-824a-18a79fec4d44	LT0010_27/LT0010_27_173_83.tif	Not Interphase	CP	1.0	0.0	Interphase	Negative_Label	0.9646475287489205
165	2b3356af-0e04-4614-824a-18a79fec4d44	LT0010_27/LT0010_27_173_83.tif	Not Interphase	CP	1.0	0.0	Interphase	Positive_Label	0.03535247125107954
166	2b3356af-0e04-4614-824a-18a79fec4d44	LT0010_27/LT0010_27_173_83.tif	Not Large	CP	0.01	0.1	Large	Negative_Label	0.7690437353078879
167	2b3356af-0e04-4614-824a-18a79fec4d44	LT0010_27/LT0010_27_173_83.tif	Not Large	CP	0.01	0.1	Large	Positive_Label	0.23095626469211206
168	2b3356af-0e04-4614-824a-18a79fec4d44	LT0010_27/LT0010_27_173_83.tif	Not Metaphase	CP	0.1	0.2	Metaphase	Negative_Label	0.3721490246766467
169	2b3356af-0e04-4614-824a-18a79fec4d44	LT0010_27/LT0010_27_173_83.tif	Not Metaphase	CP	0.1	0.2	Metaphase	Positive_Label	0.6278509753233533
170	2b3356af-0e04-4614-824a-18a79fec4d44	LT0010_27/LT0010_27_173_83.tif	Not MetaphaseAlignment	CP	0.1	0.5	MetaphaseAlignment	Negative_Label	0.8158406536307942
171	2b3356af-0e04-4614-824a-18a79fec4d44	LT0010_27/LT0010_27_173_83.tif	Not MetaphaseAlignment	CP	0.1	0.5	MetaphaseAlignment	Positive_Label	0.18415934636920583
172	2b3356af-0e04-4614-824a-18a79fec4d44	LT0010_27/LT0010_27_173_83.tif	Not OutOfFocus	CP	0.1	0.1	OutOfFocus	Negative_Label	0.9855306121258378
173	2b3356af-0e04-4614-824a-18a79fec4d44	LT0010_27/LT0010_27_173_83.tif	Not OutOfFocus	CP	0.1	0.1	OutOfFocus	Positive_Label	0.014469387874162208
174	2b3356af-0e04-4614-824a-18a79fec4d44	LT0010_27/LT0010_27_173_83.tif	Not Polylobed	CP	0.1	0.6000000000000001	Polylobed	Negative_Label	0.8985836613150692
175	2b3356af-0e04-4614-824a-18a79fec4d44	LT0010_27/LT0010_27_173_83.tif	Not Polylobed	CP	0.1	0.6000000000000001	Polylobed	Positive_Label	0.10141633868493079
176	2b3356af-0e04-4614-824a-18a79fec4d44	LT0010_27/LT0010_27_173_83.tif	Not Prometaphase	CP	1.0	0.7000000000000001	Prometaphase	Negative_Label	0.7804133566038328
177	2b3356af-0e04-4614-824a-18a79fec4d44	LT0010_27/LT0010_27_173_83.tif	Not Prometaphase	CP	1.0	0.7000000000000001	Prometaphase	Positive_Label	0.21958664339616718
178	2b3356af-0e04-4614-824a-18a79fec4d44	LT0010_27/LT0010_27_173_83.tif	Not SmallIrregular	CP	1.0	0.8	SmallIrregular	Negative_Label	0.7244277055248326
179	2b3356af-0e04-4614-824a-18a79fec4d44	LT0010_27/LT0010_27_173_83.tif	Not SmallIrregular	CP	1.0	0.8	SmallIrregular	Positive_Label	0.2755722944751674
180	372c1123-1445-4149-a509-04fcf1358abd	LT0010_27/LT0010_27_173_83.tif	Not ADCCM	CP	0.01	0.2	ADCCM	Negative_Label	0.6876136199695878
181	372c1123-1445-4149-a509-04fcf1358abd	LT0010_27/LT0010_27_173_83.tif	Not ADCCM	CP	0.01	0.2	ADCCM	Positive_Label	0.3123863800304122
182	372c1123-1445-4149-a509-04fcf1358abd	LT0010_27/LT0010_27_173_83.tif	Not Anaphase	CP	0.01	0.0	Anaphase	Negative_Label	0.9468326321470372
183	372c1123-1445-4149-a509-04fcf1358abd	LT0010_27/LT0010_27_173_83.tif	Not Anaphase	CP	0.01	0.0	Anaphase	Positive_Label	0.05316736785296283
184	372c1123-1445-4149-a509-04fcf1358abd	LT0010_27/LT0010_27_173_83.tif	Not Apoptosis	CP	0.01	0.1	Apoptosis	Negative_Label	0.9515471777503616
185	372c1123-1445-4149-a509-04fcf1358abd	LT0010_27/LT0010_27_173_83.tif	Not Apoptosis	CP	0.01	0.1	Apoptosis	Positive_Label	0.04845282224963843
186	372c1123-1445-4149-a509-04fcf1358abd	LT0010_27/LT0010_27_173_83.tif	Not Binuclear	CP	0.1	0.0	Binuclear	Negative_Label	0.7594812586848572
187	372c1123-1445-4149-a509-04fcf1358abd	LT0010_27/LT0010_27_173_83.tif	Not Binuclear	CP	0.1	0.0	Binuclear	Positive_Label	0.24051874131514284
188	372c1123-1445-4149-a509-04fcf1358abd	LT0010_27/LT0010_27_173_83.tif	Elongated	CP	0.1	0.1	Elongated	Negative_Label	0.9504082698962072
189	372c1123-1445-4149-a509-04fcf1358abd	LT0010_27/LT0010_27_173_83.tif	Elongated	CP	0.1	0.1	Elongated	Positive_Label	0.04959173010379281
190	372c1123-1445-4149-a509-04fcf1358abd	LT0010_27/LT0010_27_173_83.tif	Not Grape	CP	0.01	0.0	Grape	Negative_Label	0.7350483169629698
191	372c1123-1445-4149-a509-04fcf1358abd	LT0010_27/LT0010_27_173_83.tif	Not Grape	CP	0.01	0.0	Grape	Positive_Label	0.2649516830370302
192	372c1123-1445-4149-a509-04fcf1358abd	LT0010_27/LT0010_27_173_83.tif	Not Hole	CP	0.01	0.1	Hole	Negative_Label	0.8350256027590387
193	372c1123-1445-4149-a509-04fcf1358abd	LT0010_27/LT0010_27_173_83.tif	Not Hole	CP	0.01	0.1	Hole	Positive_Label	0.1649743972409613
194	372c1123-1445-4149-a509-04fcf1358abd	LT0010_27/LT0010_27_173_83.tif	Not Interphase	CP	1.0	0.0	Interphase	Negative_Label	0.7983885101689631
195	372c1123-1445-4149-a509-04fcf1358abd	LT0010_27/LT0010_27_173_83.tif	Not Interphase	CP	1.0	0.0	Interphase	Positive_Label	0.20161148983103694
196	372c1123-1445-4149-a509-04fcf1358abd	LT0010_27/LT0010_27_173_83.tif	Not Large	CP	0.01	0.1	Large	Negative_Label	0.16198485656443423
197	372c1123-1445-4149-a509-04fcf1358abd	LT0010_27/LT0010_27_173_83.tif	Not Large	CP	0.01	0.1	Large	Positive_Label	0.8380151434355658
198	372c1123-1445-4149-a509-04fcf1358abd	LT0010_27/LT0010_27_173_83.tif	Not Metaphase	CP	0.1	0.2	Metaphase	Negative_Label	0.9451998069307536
199	372c1123-1445-4149-a509-04fcf1358abd	LT0010_27/LT0010_27_173_83.tif	Not Metaphase	CP	0.1	0.2	Metaphase	Positive_Label	0.05480019306924644
200	372c1123-1445-4149-a509-04fcf1358abd	LT0010_27/LT0010_27_173_83.tif	Not MetaphaseAlignment	CP	0.1	0.5	MetaphaseAlignment	Negative_Label	0.8370397328117741
201	372c1123-1445-4149-a509-04fcf1358abd	LT0010_27/LT0010_27_173_83.tif	Not MetaphaseAlignment	CP	0.1	0.5	MetaphaseAlignment	Positive_Label	0.16296026718822587
202	372c1123-1445-4149-a509-04fcf1358abd	LT0010_27/LT0010_27_173_83.tif	Not OutOfFocus	CP	0.1	0.1	OutOfFocus	Negative_Label	0.6866072669230117
203	372c1123-1445-4149-a509-04fcf1358abd	LT0010_27/LT0010_27_173_83.tif	Not OutOfFocus	CP	0.1	0.1	OutOfFocus	Positive_Label	0.31339273307698834
204	372c1123-1445-4149-a509-04fcf1358abd	LT0010_27/LT0010_27_173_83.tif	Not Polylobed	CP	0.1	0.6000000000000001	Polylobed	Negative_Label	0.7424833774267767
205	372c1123-1445-4149-a509-04fcf1358abd	LT0010_27/LT0010_27_173_83.tif	Not Polylobed	CP	0.1	0.6000000000000001	Polylobed	Positive_Label	0.25751662257322333
206	372c1123-1445-4149-a509-04fcf1358abd	LT0010_27/LT0010_27_173_83.tif	Not Prometaphase	CP	1.0	0.7000000000000001	Prometaphase	Negative_Label	0.9732517486278869
207	372c1123-1445-4149-a509-04fcf1358abd	LT0010_27/LT0010_27_173_83.tif	Not Prometaphase	CP	1.0	0.7000000000000001	Prometaphase	Positive_Label	0.026748251372113098
208	372c1123-1445-4149-a509-04fcf1358abd	LT0010_27/LT0010_27_173_83.tif	Not SmallIrregular	CP	1.0	0.8	SmallIrregular	Negative_Label	0.9999093843771956
209	372c1123-1445-4149-a509-04fcf1358abd	LT0010_27/LT0010_27_173_83.tif	Not SmallIrregular	CP	1.0	0.8	SmallIrregular	Positive_Label	9.061562280444373e-05
210	465028c5-2309-40ac-ae2f-edaf1add933c	LT0010_27/LT0010_27_173_83.tif	Not ADCCM	CP	0.01	0.2	ADCCM	Negative_Label	0.6146796844560003
211	465028c5-2309-40ac-ae2f-edaf1add933c	LT0010_27/LT0010_27_173_83.tif	Not ADCCM	CP	0.01	0.2	ADCCM	Positive_Label	0.3853203155439997
212	465028c5-2309-40ac-ae2f-edaf1add933c	LT0010_27/LT0010_27_173_83.tif	Not Anaphase	CP	0.01	0.0	Anaphase	Negative_Label	0.7148465067407621
213	465028c5-2309-40ac-ae2f-edaf1add933c	LT0010_27/LT0010_27_173_83.tif	Not Anaphase	CP	0.01	0.0	Anaphase	Positive_Label	0.2851534932592379
214	465028c5-2309-40ac-ae2f-edaf1add933c	LT0010_27/LT0010_27_173_83.tif	Not Apoptosis	CP	0.01	0.1	Apoptosis	Negative_Label	0.8783595107223475
215	465028c5-2309-40ac-ae2f-edaf1add933c	LT0010_27/LT0010_27_173_83.tif	Not Apoptosis	CP	0.01	0.1	Apoptosis	Positive_Label	0.12164048927765247
216	465028c5-2309-40ac-ae2f-edaf1add933c	LT0010_27/LT0010_27_173_83.tif	Not Binuclear	CP	0.1	0.0	Binuclear	Negative_Label	0.9772808416854368
217	465028c5-2309-40ac-ae2f-edaf1add933c	LT0010_27/LT0010_27_173_83.tif	Not Binuclear	CP	0.1	0.0	Binuclear	Positive_Label	0.02271915831456317
218	465028c5-2309-40ac-ae2f-edaf1add933c	LT0010_27/LT0010_27_173_83.tif	Elongated	CP	0.1	0.1	Elongated	Negative_Label	0.07376601626736867
219	465028c5-2309-40ac-ae2f-edaf1add933c	LT0010_27/LT0010_27_173_83.tif	Elongated	CP	0.1	0.1	Elongated	Positive_Label	0.9262339837326313
220	465028c5-2309-40ac-ae2f-edaf1add933c	LT0010_27/LT0010_27_173_83.tif	Not Grape	CP	0.01	0.0	Grape	Negative_Label	0.582915587668075
221	465028c5-2309-40ac-ae2f-edaf1add933c	LT0010_27/LT0010_27_173_83.tif	Not Grape	CP	0.01	0.0	Grape	Positive_Label	0.41708441233192495
222	465028c5-2309-40ac-ae2f-edaf1add933c	LT0010_27/LT0010_27_173_83.tif	Not Hole	CP	0.01	0.1	Hole	Negative_Label	0.7117286849136142
223	465028c5-2309-40ac-ae2f-edaf1add933c	LT0010_27/LT0010_27_173_83.tif	Not Hole	CP	0.01	0.1	Hole	Positive_Label	0.2882713150863858
224	465028c5-2309-40ac-ae2f-edaf1add933c	LT0010_27/LT0010_27_173_83.tif	Not Interphase	CP	1.0	0.0	Interphase	Negative_Label	0.9125234538148608
225	465028c5-2309-40ac-ae2f-edaf1add933c	LT0010_27/LT0010_27_173_83.tif	Not Interphase	CP	1.0	0.0	Interphase	Positive_Label	0.08747654618513923
226	465028c5-2309-40ac-ae2f-edaf1add933c	LT0010_27/LT0010_27_173_83.tif	Not Large	CP	0.01	0.1	Large	Negative_Label	0.6554066187390337
227	465028c5-2309-40ac-ae2f-edaf1add933c	LT0010_27/LT0010_27_173_83.tif	Not Large	CP	0.01	0.1	Large	Positive_Label	0.3445933812609663
228	465028c5-2309-40ac-ae2f-edaf1add933c	LT0010_27/LT0010_27_173_83.tif	Not Metaphase	CP	0.1	0.2	Metaphase	Negative_Label	0.21421643518021138
229	465028c5-2309-40ac-ae2f-edaf1add933c	LT0010_27/LT0010_27_173_83.tif	Not Metaphase	CP	0.1	0.2	Metaphase	Positive_Label	0.7857835648197886
230	465028c5-2309-40ac-ae2f-edaf1add933c	LT0010_27/LT0010_27_173_83.tif	Not MetaphaseAlignment	CP	0.1	0.5	MetaphaseAlignment	Negative_Label	0.7966203679937043
231	465028c5-2309-40ac-ae2f-edaf1add933c	LT0010_27/LT0010_27_173_83.tif	Not MetaphaseAlignment	CP	0.1	0.5	MetaphaseAlignment	Positive_Label	0.20337963200629572
232	465028c5-2309-40ac-ae2f-edaf1add933c	LT0010_27/LT0010_27_173_83.tif	Not OutOfFocus	CP	0.1	0.1	OutOfFocus	Negative_Label	0.992715378671022
233	465028c5-2309-40ac-ae2f-edaf1add933c	LT0010_27/LT0010_27_173_83.tif	Not OutOfFocus	CP	0.1	0.1	OutOfFocus	Positive_Label	0.007284621328978052
234	465028c5-2309-40ac-ae2f-edaf1add933c	LT0010_27/LT0010_27_173_83.tif	Not Polylobed	CP	0.1	0.6000000000000001	Polylobed	Negative_Label	0.6165636531585891
235	465028c5-2309-40ac-ae2f-edaf1add933c	LT0010_27/LT0010_27_173_83.tif	Not Polylobed	CP	0.1	0.6000000000000001	Polylobed	Positive_Label	0.3834363468414109
236	465028c5-2309-40ac-ae2f-edaf1add933c	LT0010_27/LT0010_27_173_83.tif	Not Prometaphase	CP	1.0	0.7000000000000001	Prometaphase	Negative_Label	0.9900384086439429
237	465028c5-2309-40ac-ae2f-edaf1add933c	LT0010_27/LT0010_27_173_83.tif	Not Prometaphase	CP	1.0	0.7000000000000001	Prometaphase	Positive_Label	0.009961591356057098
238	465028c5-2309-40ac-ae2f-edaf1add933c	LT0010_27/LT0010_27_173_83.tif	Not SmallIrregular	CP	1.0	0.8	SmallIrregular	Negative_Label	0.9921086609747147
239	465028c5-2309-40ac-ae2f-edaf1add933c	LT0010_27/LT0010_27_173_83.tif	Not SmallIrregular	CP	1.0	0.8	SmallIrregular	Positive_Label	0.007891339025285226
240	5928936a-57a1-458f-b254-863b5e71d392	LT0010_27/LT0010_27_173_83.tif	Not ADCCM	CP	0.01	0.2	ADCCM	Negative_Label	0.6087836471502158
241	5928936a-57a1-458f-b254-863b5e71d392	LT0010_27/LT0010_27_173_83.tif	Not ADCCM	CP	0.01	0.2	ADCCM	Positive_Label	0.3912163528497842
242	5928936a-57a1-458f-b254-863b5e71d392	LT0010_27/LT0010_27_173_83.tif	Not Anaphase	CP	0.01	0.0	Anaphase	Negative_Label	0.48745028988797995
243	5928936a-57a1-458f-b254-863b5e71d392	LT0010_27/LT0010_27_173_83.tif	Not Anaphase	CP	0.01	0.0	Anaphase	Positive_Label	0.51254971011202
244	5928936a-57a1-458f-b254-863b5e71d392	LT0010_27/LT0010_27_173_83.tif	Not Apoptosis	CP	0.01	0.1	Apoptosis	Negative_Label	0.8847107873097363
245	5928936a-57a1-458f-b254-863b5e71d392	LT0010_27/LT0010_27_173_83.tif	Not Apoptosis	CP	0.01	0.1	Apoptosis	Positive_Label	0.11528921269026371
246	5928936a-57a1-458f-b254-863b5e71d392	LT0010_27/LT0010_27_173_83.tif	Not Binuclear	CP	0.1	0.0	Binuclear	Negative_Label	0.997207943479911
247	5928936a-57a1-458f-b254-863b5e71d392	LT0010_27/LT0010_27_173_83.tif	Not Binuclear	CP	0.1	0.0	Binuclear	Positive_Label	0.002792056520088959
248	5928936a-57a1-458f-b254-863b5e71d392	LT0010_27/LT0010_27_173_83.tif	Elongated	CP	0.1	0.1	Elongated	Negative_Label	0.195221918512501
249	5928936a-57a1-458f-b254-863b5e71d392	LT0010_27/LT0010_27_173_83.tif	Elongated	CP	0.1	0.1	Elongated	Positive_Label	0.804778081487499
250	5928936a-57a1-458f-b254-863b5e71d392	LT0010_27/LT0010_27_173_83.tif	Not Grape	CP	0.01	0.0	Grape	Negative_Label	0.8913376699316714
251	5928936a-57a1-458f-b254-863b5e71d392	LT0010_27/LT0010_27_173_83.tif	Not Grape	CP	0.01	0.0	Grape	Positive_Label	0.1086623300683286
252	5928936a-57a1-458f-b254-863b5e71d392	LT0010_27/LT0010_27_173_83.tif	Not Hole	CP	0.01	0.1	Hole	Negative_Label	0.6602019902565155
253	5928936a-57a1-458f-b254-863b5e71d392	LT0010_27/LT0010_27_173_83.tif	Not Hole	CP	0.01	0.1	Hole	Positive_Label	0.3397980097434845
254	5928936a-57a1-458f-b254-863b5e71d392	LT0010_27/LT0010_27_173_83.tif	Not Interphase	CP	1.0	0.0	Interphase	Negative_Label	0.1643113828046326
255	5928936a-57a1-458f-b254-863b5e71d392	LT0010_27/LT0010_27_173_83.tif	Not Interphase	CP	1.0	0.0	Interphase	Positive_Label	0.8356886171953675
256	5928936a-57a1-458f-b254-863b5e71d392	LT0010_27/LT0010_27_173_83.tif	Not Large	CP	0.01	0.1	Large	Negative_Label	0.8106489781445139
257	5928936a-57a1-458f-b254-863b5e71d392	LT0010_27/LT0010_27_173_83.tif	Not Large	CP	0.01	0.1	Large	Positive_Label	0.18935102185548613
258	5928936a-57a1-458f-b254-863b5e71d392	LT0010_27/LT0010_27_173_83.tif	Not Metaphase	CP	0.1	0.2	Metaphase	Negative_Label	0.2715446437757514
259	5928936a-57a1-458f-b254-863b5e71d392	LT0010_27/LT0010_27_173_83.tif	Not Metaphase	CP	0.1	0.2	Metaphase	Positive_Label	0.7284553562242486
260	5928936a-57a1-458f-b254-863b5e71d392	LT0010_27/LT0010_27_173_83.tif	Not MetaphaseAlignment	CP	0.1	0.5	MetaphaseAlignment	Negative_Label	0.5872415596159767
261	5928936a-57a1-458f-b254-863b5e71d392	LT0010_27/LT0010_27_173_83.tif	Not MetaphaseAlignment	CP	0.1	0.5	MetaphaseAlignment	Positive_Label	0.4127584403840233
262	5928936a-57a1-458f-b254-863b5e71d392	LT0010_27/LT0010_27_173_83.tif	Not OutOfFocus	CP	0.1	0.1	OutOfFocus	Negative_Label	0.9948614327217404
263	5928936a-57a1-458f-b254-863b5e71d392	LT0010_27/LT0010_27_173_83.tif	Not OutOfFocus	CP	0.1	0.1	OutOfFocus	Positive_Label	0.005138567278259522
264	5928936a-57a1-458f-b254-863b5e71d392	LT0010_27/LT0010_27_173_83.tif	Not Polylobed	CP	0.1	0.6000000000000001	Polylobed	Negative_Label	0.9042109124657496
265	5928936a-57a1-458f-b254-863b5e71d392	LT0010_27/LT0010_27_173_83.tif	Not Polylobed	CP	0.1	0.6000000000000001	Polylobed	Positive_Label	0.09578908753425039
266	5928936a-57a1-458f-b254-863b5e71d392	LT0010_27/LT0010_27_173_83.tif	Not Prometaphase	CP	1.0	0.7000000000000001	Prometaphase	Negative_Label	0.9500727554983455
267	5928936a-57a1-458f-b254-863b5e71d392	LT0010_27/LT0010_27_173_83.tif	Not Prometaphase	CP	1.0	0.7000000000000001	Prometaphase	Positive_Label	0.04992724450165453
268	5928936a-57a1-458f-b254-863b5e71d392	LT0010_27/LT0010_27_173_83.tif	Not SmallIrregular	CP	1.0	0.8	SmallIrregular	Negative_Label	0.3312995830513342
269	5928936a-57a1-458f-b254-863b5e71d392	LT0010_27/LT0010_27_173_83.tif	Not SmallIrregular	CP	1.0	0.8	SmallIrregular	Positive_Label	0.6687004169486658
270	5b3ef5d8-0c13-4f0a-95a5-76f40d9222d1	LT0010_27/LT0010_27_173_83.tif	Not ADCCM	CP	0.01	0.2	ADCCM	Negative_Label	0.5670168916535863
271	5b3ef5d8-0c13-4f0a-95a5-76f40d9222d1	LT0010_27/LT0010_27_173_83.tif	Not ADCCM	CP	0.01	0.2	ADCCM	Positive_Label	0.43298310834641374
272	5b3ef5d8-0c13-4f0a-95a5-76f40d9222d1	LT0010_27/LT0010_27_173_83.tif	Not Anaphase	CP	0.01	0.0	Anaphase	Negative_Label	0.7500952215394764
273	5b3ef5d8-0c13-4f0a-95a5-76f40d9222d1	LT0010_27/LT0010_27_173_83.tif	Not Anaphase	CP	0.01	0.0	Anaphase	Positive_Label	0.2499047784605236
274	5b3ef5d8-0c13-4f0a-95a5-76f40d9222d1	LT0010_27/LT0010_27_173_83.tif	Not Apoptosis	CP	0.01	0.1	Apoptosis	Negative_Label	0.8754821806332157
275	5b3ef5d8-0c13-4f0a-95a5-76f40d9222d1	LT0010_27/LT0010_27_173_83.tif	Not Apoptosis	CP	0.01	0.1	Apoptosis	Positive_Label	0.1245178193667843
276	5b3ef5d8-0c13-4f0a-95a5-76f40d9222d1	LT0010_27/LT0010_27_173_83.tif	Not Binuclear	CP	0.1	0.0	Binuclear	Negative_Label	0.9940442990283042
277	5b3ef5d8-0c13-4f0a-95a5-76f40d9222d1	LT0010_27/LT0010_27_173_83.tif	Not Binuclear	CP	0.1	0.0	Binuclear	Positive_Label	0.005955700971695843
278	5b3ef5d8-0c13-4f0a-95a5-76f40d9222d1	LT0010_27/LT0010_27_173_83.tif	Elongated	CP	0.1	0.1	Elongated	Negative_Label	0.039037240767186225
279	5b3ef5d8-0c13-4f0a-95a5-76f40d9222d1	LT0010_27/LT0010_27_173_83.tif	Elongated	CP	0.1	0.1	Elongated	Positive_Label	0.9609627592328138
280	5b3ef5d8-0c13-4f0a-95a5-76f40d9222d1	LT0010_27/LT0010_27_173_83.tif	Not Grape	CP	0.01	0.0	Grape	Negative_Label	0.7838632642128265
281	5b3ef5d8-0c13-4f0a-95a5-76f40d9222d1	LT0010_27/LT0010_27_173_83.tif	Not Grape	CP	0.01	0.0	Grape	Positive_Label	0.21613673578717352
282	5b3ef5d8-0c13-4f0a-95a5-76f40d9222d1	LT0010_27/LT0010_27_173_83.tif	Not Hole	CP	0.01	0.1	Hole	Negative_Label	0.757264683162859
283	5b3ef5d8-0c13-4f0a-95a5-76f40d9222d1	LT0010_27/LT0010_27_173_83.tif	Not Hole	CP	0.01	0.1	Hole	Positive_Label	0.242735316837141
284	5b3ef5d8-0c13-4f0a-95a5-76f40d9222d1	LT0010_27/LT0010_27_173_83.tif	Not Interphase	CP	1.0	0.0	Interphase	Negative_Label	0.8705049981683183
285	5b3ef5d8-0c13-4f0a-95a5-76f40d9222d1	LT0010_27/LT0010_27_173_83.tif	Not Interphase	CP	1.0	0.0	Interphase	Positive_Label	0.12949500183168172
286	5b3ef5d8-0c13-4f0a-95a5-76f40d9222d1	LT0010_27/LT0010_27_173_83.tif	Not Large	CP	0.01	0.1	Large	Negative_Label	0.7275455898639708
287	5b3ef5d8-0c13-4f0a-95a5-76f40d9222d1	LT0010_27/LT0010_27_173_83.tif	Not Large	CP	0.01	0.1	Large	Positive_Label	0.2724544101360292
288	5b3ef5d8-0c13-4f0a-95a5-76f40d9222d1	LT0010_27/LT0010_27_173_83.tif	Not Metaphase	CP	0.1	0.2	Metaphase	Negative_Label	0.5105408405366145
289	5b3ef5d8-0c13-4f0a-95a5-76f40d9222d1	LT0010_27/LT0010_27_173_83.tif	Not Metaphase	CP	0.1	0.2	Metaphase	Positive_Label	0.4894591594633855
290	5b3ef5d8-0c13-4f0a-95a5-76f40d9222d1	LT0010_27/LT0010_27_173_83.tif	Not MetaphaseAlignment	CP	0.1	0.5	MetaphaseAlignment	Negative_Label	0.6777138667307561
291	5b3ef5d8-0c13-4f0a-95a5-76f40d9222d1	LT0010_27/LT0010_27_173_83.tif	Not MetaphaseAlignment	CP	0.1	0.5	MetaphaseAlignment	Positive_Label	0.32228613326924394
292	5b3ef5d8-0c13-4f0a-95a5-76f40d9222d1	LT0010_27/LT0010_27_173_83.tif	Not OutOfFocus	CP	0.1	0.1	OutOfFocus	Negative_Label	0.9966727263712825
293	5b3ef5d8-0c13-4f0a-95a5-76f40d9222d1	LT0010_27/LT0010_27_173_83.tif	Not OutOfFocus	CP	0.1	0.1	OutOfFocus	Positive_Label	0.0033272736287174877
294	5b3ef5d8-0c13-4f0a-95a5-76f40d9222d1	LT0010_27/LT0010_27_173_83.tif	Not Polylobed	CP	0.1	0.6000000000000001	Polylobed	Negative_Label	0.7822469009740809
295	5b3ef5d8-0c13-4f0a-95a5-76f40d9222d1	LT0010_27/LT0010_27_173_83.tif	Not Polylobed	CP	0.1	0.6000000000000001	Polylobed	Positive_Label	0.21775309902591905
296	5b3ef5d8-0c13-4f0a-95a5-76f40d9222d1	LT0010_27/LT0010_27_173_83.tif	Not Prometaphase	CP	1.0	0.7000000000000001	Prometaphase	Negative_Label	0.8391274754596888
297	5b3ef5d8-0c13-4f0a-95a5-76f40d9222d1	LT0010_27/LT0010_27_173_83.tif	Not Prometaphase	CP	1.0	0.7000000000000001	Prometaphase	Positive_Label	0.16087252454031117
298	5b3ef5d8-0c13-4f0a-95a5-76f40d9222d1	LT0010_27/LT0010_27_173_83.tif	Not SmallIrregular	CP	1.0	0.8	SmallIrregular	Negative_Label	0.9732237041502045
299	5b3ef5d8-0c13-4f0a-95a5-76f40d9222d1	LT0010_27/LT0010_27_173_83.tif	Not SmallIrregular	CP	1.0	0.8	SmallIrregular	Positive_Label	0.026776295849795514
300	5bb397bf-0fa2-4c48-a536-c046343792b4	LT0010_27/LT0010_27_173_83.tif	Not ADCCM	CP	0.01	0.2	ADCCM	Negative_Label	0.6323227405364061
301	5bb397bf-0fa2-4c48-a536-c046343792b4	LT0010_27/LT0010_27_173_83.tif	Not ADCCM	CP	0.01	0.2	ADCCM	Positive_Label	0.36767725946359386
302	5bb397bf-0fa2-4c48-a536-c046343792b4	LT0010_27/LT0010_27_173_83.tif	Not Anaphase	CP	0.01	0.0	Anaphase	Negative_Label	0.36116218350827356
303	5bb397bf-0fa2-4c48-a536-c046343792b4	LT0010_27/LT0010_27_173_83.tif	Not Anaphase	CP	0.01	0.0	Anaphase	Positive_Label	0.6388378164917264
304	5bb397bf-0fa2-4c48-a536-c046343792b4	LT0010_27/LT0010_27_173_83.tif	Not Apoptosis	CP	0.01	0.1	Apoptosis	Negative_Label	0.7293635948474038
305	5bb397bf-0fa2-4c48-a536-c046343792b4	LT0010_27/LT0010_27_173_83.tif	Not Apoptosis	CP	0.01	0.1	Apoptosis	Positive_Label	0.27063640515259624
306	5bb397bf-0fa2-4c48-a536-c046343792b4	LT0010_27/LT0010_27_173_83.tif	Not Binuclear	CP	0.1	0.0	Binuclear	Negative_Label	0.9872894072994194
307	5bb397bf-0fa2-4c48-a536-c046343792b4	LT0010_27/LT0010_27_173_83.tif	Not Binuclear	CP	0.1	0.0	Binuclear	Positive_Label	0.012710592700580614
308	5bb397bf-0fa2-4c48-a536-c046343792b4	LT0010_27/LT0010_27_173_83.tif	Elongated	CP	0.1	0.1	Elongated	Negative_Label	0.22953897155792063
309	5bb397bf-0fa2-4c48-a536-c046343792b4	LT0010_27/LT0010_27_173_83.tif	Elongated	CP	0.1	0.1	Elongated	Positive_Label	0.7704610284420794
310	5bb397bf-0fa2-4c48-a536-c046343792b4	LT0010_27/LT0010_27_173_83.tif	Not Grape	CP	0.01	0.0	Grape	Negative_Label	0.7015895452277423
311	5bb397bf-0fa2-4c48-a536-c046343792b4	LT0010_27/LT0010_27_173_83.tif	Not Grape	CP	0.01	0.0	Grape	Positive_Label	0.2984104547722577
312	5bb397bf-0fa2-4c48-a536-c046343792b4	LT0010_27/LT0010_27_173_83.tif	Not Hole	CP	0.01	0.1	Hole	Negative_Label	0.4635317997618654
313	5bb397bf-0fa2-4c48-a536-c046343792b4	LT0010_27/LT0010_27_173_83.tif	Not Hole	CP	0.01	0.1	Hole	Positive_Label	0.5364682002381346
314	5bb397bf-0fa2-4c48-a536-c046343792b4	LT0010_27/LT0010_27_173_83.tif	Not Interphase	CP	1.0	0.0	Interphase	Negative_Label	0.09474926384694025
315	5bb397bf-0fa2-4c48-a536-c046343792b4	LT0010_27/LT0010_27_173_83.tif	Not Interphase	CP	1.0	0.0	Interphase	Positive_Label	0.9052507361530597
316	5bb397bf-0fa2-4c48-a536-c046343792b4	LT0010_27/LT0010_27_173_83.tif	Not Large	CP	0.01	0.1	Large	Negative_Label	0.7538763457158725
317	5bb397bf-0fa2-4c48-a536-c046343792b4	LT0010_27/LT0010_27_173_83.tif	Not Large	CP	0.01	0.1	Large	Positive_Label	0.24612365428412752
318	5bb397bf-0fa2-4c48-a536-c046343792b4	LT0010_27/LT0010_27_173_83.tif	Not Metaphase	CP	0.1	0.2	Metaphase	Negative_Label	0.2878213154845774
319	5bb397bf-0fa2-4c48-a536-c046343792b4	LT0010_27/LT0010_27_173_83.tif	Not Metaphase	CP	0.1	0.2	Metaphase	Positive_Label	0.7121786845154225
320	5bb397bf-0fa2-4c48-a536-c046343792b4	LT0010_27/LT0010_27_173_83.tif	Not MetaphaseAlignment	CP	0.1	0.5	MetaphaseAlignment	Negative_Label	0.6555918742302417
321	5bb397bf-0fa2-4c48-a536-c046343792b4	LT0010_27/LT0010_27_173_83.tif	Not MetaphaseAlignment	CP	0.1	0.5	MetaphaseAlignment	Positive_Label	0.3444081257697583
322	5bb397bf-0fa2-4c48-a536-c046343792b4	LT0010_27/LT0010_27_173_83.tif	Not OutOfFocus	CP	0.1	0.1	OutOfFocus	Negative_Label	0.9925342426498138
323	5bb397bf-0fa2-4c48-a536-c046343792b4	LT0010_27/LT0010_27_173_83.tif	Not OutOfFocus	CP	0.1	0.1	OutOfFocus	Positive_Label	0.007465757350186172
324	5bb397bf-0fa2-4c48-a536-c046343792b4	LT0010_27/LT0010_27_173_83.tif	Not Polylobed	CP	0.1	0.6000000000000001	Polylobed	Negative_Label	0.5703940398369702
325	5bb397bf-0fa2-4c48-a536-c046343792b4	LT0010_27/LT0010_27_173_83.tif	Not Polylobed	CP	0.1	0.6000000000000001	Polylobed	Positive_Label	0.42960596016302977
326	5bb397bf-0fa2-4c48-a536-c046343792b4	LT0010_27/LT0010_27_173_83.tif	Not Prometaphase	CP	1.0	0.7000000000000001	Prometaphase	Negative_Label	0.9122212938229044
327	5bb397bf-0fa2-4c48-a536-c046343792b4	LT0010_27/LT0010_27_173_83.tif	Not Prometaphase	CP	1.0	0.7000000000000001	Prometaphase	Positive_Label	0.08777870617709561
328	5bb397bf-0fa2-4c48-a536-c046343792b4	LT0010_27/LT0010_27_173_83.tif	Not SmallIrregular	CP	1.0	0.8	SmallIrregular	Negative_Label	0.2860322101139924
329	5bb397bf-0fa2-4c48-a536-c046343792b4	LT0010_27/LT0010_27_173_83.tif	Not SmallIrregular	CP	1.0	0.8	SmallIrregular	Positive_Label	0.7139677898860076
330	5e6a06d4-2920-4926-baa3-e3180d874d06	LT0010_27/LT0010_27_173_83.tif	Not ADCCM	CP	0.01	0.2	ADCCM	Negative_Label	0.6625227908151889
331	5e6a06d4-2920-4926-baa3-e3180d874d06	LT0010_27/LT0010_27_173_83.tif	Not ADCCM	CP	0.01	0.2	ADCCM	Positive_Label	0.33747720918481106
332	5e6a06d4-2920-4926-baa3-e3180d874d06	LT0010_27/LT0010_27_173_83.tif	Not Anaphase	CP	0.01	0.0	Anaphase	Negative_Label	0.6138975386322965
333	5e6a06d4-2920-4926-baa3-e3180d874d06	LT0010_27/LT0010_27_173_83.tif	Not Anaphase	CP	0.01	0.0	Anaphase	Positive_Label	0.38610246136770354
334	5e6a06d4-2920-4926-baa3-e3180d874d06	LT0010_27/LT0010_27_173_83.tif	Not Apoptosis	CP	0.01	0.1	Apoptosis	Negative_Label	0.7707801154332071
335	5e6a06d4-2920-4926-baa3-e3180d874d06	LT0010_27/LT0010_27_173_83.tif	Not Apoptosis	CP	0.01	0.1	Apoptosis	Positive_Label	0.22921988456679288
336	5e6a06d4-2920-4926-baa3-e3180d874d06	LT0010_27/LT0010_27_173_83.tif	Not Binuclear	CP	0.1	0.0	Binuclear	Negative_Label	0.9936719154588965
337	5e6a06d4-2920-4926-baa3-e3180d874d06	LT0010_27/LT0010_27_173_83.tif	Not Binuclear	CP	0.1	0.0	Binuclear	Positive_Label	0.006328084541103451
338	5e6a06d4-2920-4926-baa3-e3180d874d06	LT0010_27/LT0010_27_173_83.tif	Elongated	CP	0.1	0.1	Elongated	Negative_Label	0.01418556374331716
339	5e6a06d4-2920-4926-baa3-e3180d874d06	LT0010_27/LT0010_27_173_83.tif	Elongated	CP	0.1	0.1	Elongated	Positive_Label	0.9858144362566829
340	5e6a06d4-2920-4926-baa3-e3180d874d06	LT0010_27/LT0010_27_173_83.tif	Not Grape	CP	0.01	0.0	Grape	Negative_Label	0.6988796948011432
341	5e6a06d4-2920-4926-baa3-e3180d874d06	LT0010_27/LT0010_27_173_83.tif	Not Grape	CP	0.01	0.0	Grape	Positive_Label	0.3011203051988568
342	5e6a06d4-2920-4926-baa3-e3180d874d06	LT0010_27/LT0010_27_173_83.tif	Not Hole	CP	0.01	0.1	Hole	Negative_Label	0.46253986188320484
343	5e6a06d4-2920-4926-baa3-e3180d874d06	LT0010_27/LT0010_27_173_83.tif	Not Hole	CP	0.01	0.1	Hole	Positive_Label	0.5374601381167952
344	5e6a06d4-2920-4926-baa3-e3180d874d06	LT0010_27/LT0010_27_173_83.tif	Not Interphase	CP	1.0	0.0	Interphase	Negative_Label	0.8959556764138648
345	5e6a06d4-2920-4926-baa3-e3180d874d06	LT0010_27/LT0010_27_173_83.tif	Not Interphase	CP	1.0	0.0	Interphase	Positive_Label	0.10404432358613525
346	5e6a06d4-2920-4926-baa3-e3180d874d06	LT0010_27/LT0010_27_173_83.tif	Not Large	CP	0.01	0.1	Large	Negative_Label	0.7067699530086491
347	5e6a06d4-2920-4926-baa3-e3180d874d06	LT0010_27/LT0010_27_173_83.tif	Not Large	CP	0.01	0.1	Large	Positive_Label	0.2932300469913509
348	5e6a06d4-2920-4926-baa3-e3180d874d06	LT0010_27/LT0010_27_173_83.tif	Not Metaphase	CP	0.1	0.2	Metaphase	Negative_Label	0.19777270856871138
349	5e6a06d4-2920-4926-baa3-e3180d874d06	LT0010_27/LT0010_27_173_83.tif	Not Metaphase	CP	0.1	0.2	Metaphase	Positive_Label	0.8022272914312887
350	5e6a06d4-2920-4926-baa3-e3180d874d06	LT0010_27/LT0010_27_173_83.tif	Not MetaphaseAlignment	CP	0.1	0.5	MetaphaseAlignment	Negative_Label	0.8413972601019315
351	5e6a06d4-2920-4926-baa3-e3180d874d06	LT0010_27/LT0010_27_173_83.tif	Not MetaphaseAlignment	CP	0.1	0.5	MetaphaseAlignment	Positive_Label	0.1586027398980685
352	5e6a06d4-2920-4926-baa3-e3180d874d06	LT0010_27/LT0010_27_173_83.tif	Not OutOfFocus	CP	0.1	0.1	OutOfFocus	Negative_Label	0.9973017617729832
353	5e6a06d4-2920-4926-baa3-e3180d874d06	LT0010_27/LT0010_27_173_83.tif	Not OutOfFocus	CP	0.1	0.1	OutOfFocus	Positive_Label	0.0026982382270167534
354	5e6a06d4-2920-4926-baa3-e3180d874d06	LT0010_27/LT0010_27_173_83.tif	Not Polylobed	CP	0.1	0.6000000000000001	Polylobed	Negative_Label	0.8252864394651664
355	5e6a06d4-2920-4926-baa3-e3180d874d06	LT0010_27/LT0010_27_173_83.tif	Not Polylobed	CP	0.1	0.6000000000000001	Polylobed	Positive_Label	0.17471356053483358
356	5e6a06d4-2920-4926-baa3-e3180d874d06	LT0010_27/LT0010_27_173_83.tif	Not Prometaphase	CP	1.0	0.7000000000000001	Prometaphase	Negative_Label	0.9410221216052017
357	5e6a06d4-2920-4926-baa3-e3180d874d06	LT0010_27/LT0010_27_173_83.tif	Not Prometaphase	CP	1.0	0.7000000000000001	Prometaphase	Positive_Label	0.058977878394798344
358	5e6a06d4-2920-4926-baa3-e3180d874d06	LT0010_27/LT0010_27_173_83.tif	Not SmallIrregular	CP	1.0	0.8	SmallIrregular	Negative_Label	0.7717531809542258
359	5e6a06d4-2920-4926-baa3-e3180d874d06	LT0010_27/LT0010_27_173_83.tif	Not SmallIrregular	CP	1.0	0.8	SmallIrregular	Positive_Label	0.22824681904577412
360	71f0b3bc-c68f-4b6f-9e3d-3c329b1ecf82	LT0010_27/LT0010_27_173_83.tif	Not ADCCM	CP	0.01	0.2	ADCCM	Negative_Label	0.6302518674595303
361	71f0b3bc-c68f-4b6f-9e3d-3c329b1ecf82	LT0010_27/LT0010_27_173_83.tif	Not ADCCM	CP	0.01	0.2	ADCCM	Positive_Label	0.3697481325404697
362	71f0b3bc-c68f-4b6f-9e3d-3c329b1ecf82	LT0010_27/LT0010_27_173_83.tif	Not Anaphase	CP	0.01	0.0	Anaphase	Negative_Label	0.7549681303577026
363	71f0b3bc-c68f-4b6f-9e3d-3c329b1ecf82	LT0010_27/LT0010_27_173_83.tif	Not Anaphase	CP	0.01	0.0	Anaphase	Positive_Label	0.2450318696422974
364	71f0b3bc-c68f-4b6f-9e3d-3c329b1ecf82	LT0010_27/LT0010_27_173_83.tif	Not Apoptosis	CP	0.01	0.1	Apoptosis	Negative_Label	0.7907386969548139
365	71f0b3bc-c68f-4b6f-9e3d-3c329b1ecf82	LT0010_27/LT0010_27_173_83.tif	Not Apoptosis	CP	0.01	0.1	Apoptosis	Positive_Label	0.2092613030451861
366	71f0b3bc-c68f-4b6f-9e3d-3c329b1ecf82	LT0010_27/LT0010_27_173_83.tif	Not Binuclear	CP	0.1	0.0	Binuclear	Negative_Label	0.9885035540919689
367	71f0b3bc-c68f-4b6f-9e3d-3c329b1ecf82	LT0010_27/LT0010_27_173_83.tif	Not Binuclear	CP	0.1	0.0	Binuclear	Positive_Label	0.011496445908031117
368	71f0b3bc-c68f-4b6f-9e3d-3c329b1ecf82	LT0010_27/LT0010_27_173_83.tif	Elongated	CP	0.1	0.1	Elongated	Negative_Label	0.014428174154432188
369	71f0b3bc-c68f-4b6f-9e3d-3c329b1ecf82	LT0010_27/LT0010_27_173_83.tif	Elongated	CP	0.1	0.1	Elongated	Positive_Label	0.9855718258455678
370	71f0b3bc-c68f-4b6f-9e3d-3c329b1ecf82	LT0010_27/LT0010_27_173_83.tif	Not Grape	CP	0.01	0.0	Grape	Negative_Label	0.2965428165862591
371	71f0b3bc-c68f-4b6f-9e3d-3c329b1ecf82	LT0010_27/LT0010_27_173_83.tif	Not Grape	CP	0.01	0.0	Grape	Positive_Label	0.7034571834137409
372	71f0b3bc-c68f-4b6f-9e3d-3c329b1ecf82	LT0010_27/LT0010_27_173_83.tif	Not Hole	CP	0.01	0.1	Hole	Negative_Label	0.7404491094841584
373	71f0b3bc-c68f-4b6f-9e3d-3c329b1ecf82	LT0010_27/LT0010_27_173_83.tif	Not Hole	CP	0.01	0.1	Hole	Positive_Label	0.25955089051584157
374	71f0b3bc-c68f-4b6f-9e3d-3c329b1ecf82	LT0010_27/LT0010_27_173_83.tif	Not Interphase	CP	1.0	0.0	Interphase	Negative_Label	0.9674075650267105
375	71f0b3bc-c68f-4b6f-9e3d-3c329b1ecf82	LT0010_27/LT0010_27_173_83.tif	Not Interphase	CP	1.0	0.0	Interphase	Positive_Label	0.03259243497328945
376	71f0b3bc-c68f-4b6f-9e3d-3c329b1ecf82	LT0010_27/LT0010_27_173_83.tif	Not Large	CP	0.01	0.1	Large	Negative_Label	0.5105049651706934
377	71f0b3bc-c68f-4b6f-9e3d-3c329b1ecf82	LT0010_27/LT0010_27_173_83.tif	Not Large	CP	0.01	0.1	Large	Positive_Label	0.48949503482930656
378	71f0b3bc-c68f-4b6f-9e3d-3c329b1ecf82	LT0010_27/LT0010_27_173_83.tif	Not Metaphase	CP	0.1	0.2	Metaphase	Negative_Label	0.39061014821561424
379	71f0b3bc-c68f-4b6f-9e3d-3c329b1ecf82	LT0010_27/LT0010_27_173_83.tif	Not Metaphase	CP	0.1	0.2	Metaphase	Positive_Label	0.6093898517843858
380	71f0b3bc-c68f-4b6f-9e3d-3c329b1ecf82	LT0010_27/LT0010_27_173_83.tif	Not MetaphaseAlignment	CP	0.1	0.5	MetaphaseAlignment	Negative_Label	0.8778758408964279
381	71f0b3bc-c68f-4b6f-9e3d-3c329b1ecf82	LT0010_27/LT0010_27_173_83.tif	Not MetaphaseAlignment	CP	0.1	0.5	MetaphaseAlignment	Positive_Label	0.1221241591035721
382	71f0b3bc-c68f-4b6f-9e3d-3c329b1ecf82	LT0010_27/LT0010_27_173_83.tif	Not OutOfFocus	CP	0.1	0.1	OutOfFocus	Negative_Label	0.9965584413870391
383	71f0b3bc-c68f-4b6f-9e3d-3c329b1ecf82	LT0010_27/LT0010_27_173_83.tif	Not OutOfFocus	CP	0.1	0.1	OutOfFocus	Positive_Label	0.0034415586129609176
384	71f0b3bc-c68f-4b6f-9e3d-3c329b1ecf82	LT0010_27/LT0010_27_173_83.tif	Not Polylobed	CP	0.1	0.6000000000000001	Polylobed	Negative_Label	0.67004352909347
385	71f0b3bc-c68f-4b6f-9e3d-3c329b1ecf82	LT0010_27/LT0010_27_173_83.tif	Not Polylobed	CP	0.1	0.6000000000000001	Polylobed	Positive_Label	0.32995647090653
386	71f0b3bc-c68f-4b6f-9e3d-3c329b1ecf82	LT0010_27/LT0010_27_173_83.tif	Not Prometaphase	CP	1.0	0.7000000000000001	Prometaphase	Negative_Label	0.9400201977280431
387	71f0b3bc-c68f-4b6f-9e3d-3c329b1ecf82	LT0010_27/LT0010_27_173_83.tif	Not Prometaphase	CP	1.0	0.7000000000000001	Prometaphase	Positive_Label	0.05997980227195688
388	71f0b3bc-c68f-4b6f-9e3d-3c329b1ecf82	LT0010_27/LT0010_27_173_83.tif	Not SmallIrregular	CP	1.0	0.8	SmallIrregular	Negative_Label	0.9898767761785392
389	71f0b3bc-c68f-4b6f-9e3d-3c329b1ecf82	LT0010_27/LT0010_27_173_83.tif	Not SmallIrregular	CP	1.0	0.8	SmallIrregular	Positive_Label	0.010123223821460754
390	82f7949b-4ea2-45c8-8dd9-7854caf49077	LT0010_27/LT0010_27_173_83.tif	Not ADCCM	CP	0.01	0.2	ADCCM	Negative_Label	0.6621786075234093
391	82f7949b-4ea2-45c8-8dd9-7854caf49077	LT0010_27/LT0010_27_173_83.tif	Not ADCCM	CP	0.01	0.2	ADCCM	Positive_Label	0.3378213924765907
392	82f7949b-4ea2-45c8-8dd9-7854caf49077	LT0010_27/LT0010_27_173_83.tif	Not Anaphase	CP	0.01	0.0	Anaphase	Negative_Label	0.6278674141437403
393	82f7949b-4ea2-45c8-8dd9-7854caf49077	LT0010_27/LT0010_27_173_83.tif	Not Anaphase	CP	0.01	0.0	Anaphase	Positive_Label	0.37213258585625975
394	82f7949b-4ea2-45c8-8dd9-7854caf49077	LT0010_27/LT0010_27_173_83.tif	Not Apoptosis	CP	0.01	0.1	Apoptosis	Negative_Label	0.8381986757690829
395	82f7949b-4ea2-45c8-8dd9-7854caf49077	LT0010_27/LT0010_27_173_83.tif	Not Apoptosis	CP	0.01	0.1	Apoptosis	Positive_Label	0.1618013242309171
396	82f7949b-4ea2-45c8-8dd9-7854caf49077	LT0010_27/LT0010_27_173_83.tif	Not Binuclear	CP	0.1	0.0	Binuclear	Negative_Label	0.9803577805942925
397	82f7949b-4ea2-45c8-8dd9-7854caf49077	LT0010_27/LT0010_27_173_83.tif	Not Binuclear	CP	0.1	0.0	Binuclear	Positive_Label	0.01964221940570754
398	82f7949b-4ea2-45c8-8dd9-7854caf49077	LT0010_27/LT0010_27_173_83.tif	Not Elongated	CP	0.1	0.1	Elongated	Negative_Label	0.010639922847998518
399	82f7949b-4ea2-45c8-8dd9-7854caf49077	LT0010_27/LT0010_27_173_83.tif	Not Elongated	CP	0.1	0.1	Elongated	Positive_Label	0.9893600771520015
400	82f7949b-4ea2-45c8-8dd9-7854caf49077	LT0010_27/LT0010_27_173_83.tif	Not Grape	CP	0.01	0.0	Grape	Negative_Label	0.49365846025259086
401	82f7949b-4ea2-45c8-8dd9-7854caf49077	LT0010_27/LT0010_27_173_83.tif	Not Grape	CP	0.01	0.0	Grape	Positive_Label	0.5063415397474091
402	82f7949b-4ea2-45c8-8dd9-7854caf49077	LT0010_27/LT0010_27_173_83.tif	Not Hole	CP	0.01	0.1	Hole	Negative_Label	0.6459183220089051
403	82f7949b-4ea2-45c8-8dd9-7854caf49077	LT0010_27/LT0010_27_173_83.tif	Not Hole	CP	0.01	0.1	Hole	Positive_Label	0.3540816779910949
404	82f7949b-4ea2-45c8-8dd9-7854caf49077	LT0010_27/LT0010_27_173_83.tif	Not Interphase	CP	1.0	0.0	Interphase	Negative_Label	0.6797832453916136
405	82f7949b-4ea2-45c8-8dd9-7854caf49077	LT0010_27/LT0010_27_173_83.tif	Not Interphase	CP	1.0	0.0	Interphase	Positive_Label	0.3202167546083864
406	82f7949b-4ea2-45c8-8dd9-7854caf49077	LT0010_27/LT0010_27_173_83.tif	Large	CP	0.01	0.1	Large	Negative_Label	0.6856942898348342
407	82f7949b-4ea2-45c8-8dd9-7854caf49077	LT0010_27/LT0010_27_173_83.tif	Large	CP	0.01	0.1	Large	Positive_Label	0.31430571016516584
408	82f7949b-4ea2-45c8-8dd9-7854caf49077	LT0010_27/LT0010_27_173_83.tif	Not Metaphase	CP	0.1	0.2	Metaphase	Negative_Label	0.4202418614324444
409	82f7949b-4ea2-45c8-8dd9-7854caf49077	LT0010_27/LT0010_27_173_83.tif	Not Metaphase	CP	0.1	0.2	Metaphase	Positive_Label	0.5797581385675556
410	82f7949b-4ea2-45c8-8dd9-7854caf49077	LT0010_27/LT0010_27_173_83.tif	Not MetaphaseAlignment	CP	0.1	0.5	MetaphaseAlignment	Negative_Label	0.870145884366621
411	82f7949b-4ea2-45c8-8dd9-7854caf49077	LT0010_27/LT0010_27_173_83.tif	Not MetaphaseAlignment	CP	0.1	0.5	MetaphaseAlignment	Positive_Label	0.129854115633379
412	82f7949b-4ea2-45c8-8dd9-7854caf49077	LT0010_27/LT0010_27_173_83.tif	Not OutOfFocus	CP	0.1	0.1	OutOfFocus	Negative_Label	0.9868622773248957
413	82f7949b-4ea2-45c8-8dd9-7854caf49077	LT0010_27/LT0010_27_173_83.tif	Not OutOfFocus	CP	0.1	0.1	OutOfFocus	Positive_Label	0.013137722675104303
414	82f7949b-4ea2-45c8-8dd9-7854caf49077	LT0010_27/LT0010_27_173_83.tif	Not Polylobed	CP	0.1	0.6000000000000001	Polylobed	Negative_Label	0.6338508409447698
415	82f7949b-4ea2-45c8-8dd9-7854caf49077	LT0010_27/LT0010_27_173_83.tif	Not Polylobed	CP	0.1	0.6000000000000001	Polylobed	Positive_Label	0.3661491590552301
416	82f7949b-4ea2-45c8-8dd9-7854caf49077	LT0010_27/LT0010_27_173_83.tif	Not Prometaphase	CP	1.0	0.7000000000000001	Prometaphase	Negative_Label	0.8154722528618734
417	82f7949b-4ea2-45c8-8dd9-7854caf49077	LT0010_27/LT0010_27_173_83.tif	Not Prometaphase	CP	1.0	0.7000000000000001	Prometaphase	Positive_Label	0.18452774713812664
418	82f7949b-4ea2-45c8-8dd9-7854caf49077	LT0010_27/LT0010_27_173_83.tif	Not SmallIrregular	CP	1.0	0.8	SmallIrregular	Negative_Label	0.9619838197699243
419	82f7949b-4ea2-45c8-8dd9-7854caf49077	LT0010_27/LT0010_27_173_83.tif	Not SmallIrregular	CP	1.0	0.8	SmallIrregular	Positive_Label	0.03801618023007572
420	9bbecf9e-9fd0-4a65-90dc-b20d80a4587d	LT0010_27/LT0010_27_173_83.tif	Not ADCCM	CP	0.01	0.2	ADCCM	Negative_Label	0.6643638520416323
421	9bbecf9e-9fd0-4a65-90dc-b20d80a4587d	LT0010_27/LT0010_27_173_83.tif	Not ADCCM	CP	0.01	0.2	ADCCM	Positive_Label	0.3356361479583677
422	9bbecf9e-9fd0-4a65-90dc-b20d80a4587d	LT0010_27/LT0010_27_173_83.tif	Not Anaphase	CP	0.01	0.0	Anaphase	Negative_Label	0.4658752102025512
423	9bbecf9e-9fd0-4a65-90dc-b20d80a4587d	LT0010_27/LT0010_27_173_83.tif	Not Anaphase	CP	0.01	0.0	Anaphase	Positive_Label	0.5341247897974488
424	9bbecf9e-9fd0-4a65-90dc-b20d80a4587d	LT0010_27/LT0010_27_173_83.tif	Not Apoptosis	CP	0.01	0.1	Apoptosis	Negative_Label	0.8842335895337325
425	9bbecf9e-9fd0-4a65-90dc-b20d80a4587d	LT0010_27/LT0010_27_173_83.tif	Not Apoptosis	CP	0.01	0.1	Apoptosis	Positive_Label	0.11576641046626746
426	9bbecf9e-9fd0-4a65-90dc-b20d80a4587d	LT0010_27/LT0010_27_173_83.tif	Not Binuclear	CP	0.1	0.0	Binuclear	Negative_Label	0.9993661194254074
427	9bbecf9e-9fd0-4a65-90dc-b20d80a4587d	LT0010_27/LT0010_27_173_83.tif	Not Binuclear	CP	0.1	0.0	Binuclear	Positive_Label	0.0006338805745925713
428	9bbecf9e-9fd0-4a65-90dc-b20d80a4587d	LT0010_27/LT0010_27_173_83.tif	Elongated	CP	0.1	0.1	Elongated	Negative_Label	0.015608648530647555
429	9bbecf9e-9fd0-4a65-90dc-b20d80a4587d	LT0010_27/LT0010_27_173_83.tif	Elongated	CP	0.1	0.1	Elongated	Positive_Label	0.9843913514693524
430	9bbecf9e-9fd0-4a65-90dc-b20d80a4587d	LT0010_27/LT0010_27_173_83.tif	Not Grape	CP	0.01	0.0	Grape	Negative_Label	0.8253414440166921
431	9bbecf9e-9fd0-4a65-90dc-b20d80a4587d	LT0010_27/LT0010_27_173_83.tif	Not Grape	CP	0.01	0.0	Grape	Positive_Label	0.17465855598330793
432	9bbecf9e-9fd0-4a65-90dc-b20d80a4587d	LT0010_27/LT0010_27_173_83.tif	Not Hole	CP	0.01	0.1	Hole	Negative_Label	0.7006436143885767
433	9bbecf9e-9fd0-4a65-90dc-b20d80a4587d	LT0010_27/LT0010_27_173_83.tif	Not Hole	CP	0.01	0.1	Hole	Positive_Label	0.2993563856114233
434	9bbecf9e-9fd0-4a65-90dc-b20d80a4587d	LT0010_27/LT0010_27_173_83.tif	Not Interphase	CP	1.0	0.0	Interphase	Negative_Label	0.9714291584580472
435	9bbecf9e-9fd0-4a65-90dc-b20d80a4587d	LT0010_27/LT0010_27_173_83.tif	Not Interphase	CP	1.0	0.0	Interphase	Positive_Label	0.028570841541952774
436	9bbecf9e-9fd0-4a65-90dc-b20d80a4587d	LT0010_27/LT0010_27_173_83.tif	Not Large	CP	0.01	0.1	Large	Negative_Label	0.7957886490069479
437	9bbecf9e-9fd0-4a65-90dc-b20d80a4587d	LT0010_27/LT0010_27_173_83.tif	Not Large	CP	0.01	0.1	Large	Positive_Label	0.2042113509930521
438	9bbecf9e-9fd0-4a65-90dc-b20d80a4587d	LT0010_27/LT0010_27_173_83.tif	Not Metaphase	CP	0.1	0.2	Metaphase	Negative_Label	0.2569644679063893
439	9bbecf9e-9fd0-4a65-90dc-b20d80a4587d	LT0010_27/LT0010_27_173_83.tif	Not Metaphase	CP	0.1	0.2	Metaphase	Positive_Label	0.7430355320936106
440	9bbecf9e-9fd0-4a65-90dc-b20d80a4587d	LT0010_27/LT0010_27_173_83.tif	Not MetaphaseAlignment	CP	0.1	0.5	MetaphaseAlignment	Negative_Label	0.715226154445132
441	9bbecf9e-9fd0-4a65-90dc-b20d80a4587d	LT0010_27/LT0010_27_173_83.tif	Not MetaphaseAlignment	CP	0.1	0.5	MetaphaseAlignment	Positive_Label	0.28477384555486795
442	9bbecf9e-9fd0-4a65-90dc-b20d80a4587d	LT0010_27/LT0010_27_173_83.tif	Not OutOfFocus	CP	0.1	0.1	OutOfFocus	Negative_Label	0.9957841754635972
443	9bbecf9e-9fd0-4a65-90dc-b20d80a4587d	LT0010_27/LT0010_27_173_83.tif	Not OutOfFocus	CP	0.1	0.1	OutOfFocus	Positive_Label	0.004215824536402841
444	9bbecf9e-9fd0-4a65-90dc-b20d80a4587d	LT0010_27/LT0010_27_173_83.tif	Not Polylobed	CP	0.1	0.6000000000000001	Polylobed	Negative_Label	0.9215672544522109
445	9bbecf9e-9fd0-4a65-90dc-b20d80a4587d	LT0010_27/LT0010_27_173_83.tif	Not Polylobed	CP	0.1	0.6000000000000001	Polylobed	Positive_Label	0.07843274554778908
446	9bbecf9e-9fd0-4a65-90dc-b20d80a4587d	LT0010_27/LT0010_27_173_83.tif	Not Prometaphase	CP	1.0	0.7000000000000001	Prometaphase	Negative_Label	0.9305235833269567
447	9bbecf9e-9fd0-4a65-90dc-b20d80a4587d	LT0010_27/LT0010_27_173_83.tif	Not Prometaphase	CP	1.0	0.7000000000000001	Prometaphase	Positive_Label	0.0694764166730433
448	9bbecf9e-9fd0-4a65-90dc-b20d80a4587d	LT0010_27/LT0010_27_173_83.tif	Not SmallIrregular	CP	1.0	0.8	SmallIrregular	Negative_Label	0.7510293151803005
449	9bbecf9e-9fd0-4a65-90dc-b20d80a4587d	LT0010_27/LT0010_27_173_83.tif	Not SmallIrregular	CP	1.0	0.8	SmallIrregular	Positive_Label	0.24897068481969958
450	9f4b9044-8882-451e-958f-57baccb90e64	LT0010_27/LT0010_27_173_83.tif	Not ADCCM	CP	0.01	0.2	ADCCM	Negative_Label	0.6379942181503617
451	9f4b9044-8882-451e-958f-57baccb90e64	LT0010_27/LT0010_27_173_83.tif	Not ADCCM	CP	0.01	0.2	ADCCM	Positive_Label	0.3620057818496383
452	9f4b9044-8882-451e-958f-57baccb90e64	LT0010_27/LT0010_27_173_83.tif	Not Anaphase	CP	0.01	0.0	Anaphase	Negative_Label	0.8874536665294387
453	9f4b9044-8882-451e-958f-57baccb90e64	LT0010_27/LT0010_27_173_83.tif	Not Anaphase	CP	0.01	0.0	Anaphase	Positive_Label	0.11254633347056131
454	9f4b9044-8882-451e-958f-57baccb90e64	LT0010_27/LT0010_27_173_83.tif	Not Apoptosis	CP	0.01	0.1	Apoptosis	Negative_Label	0.9409147563776541
455	9f4b9044-8882-451e-958f-57baccb90e64	LT0010_27/LT0010_27_173_83.tif	Not Apoptosis	CP	0.01	0.1	Apoptosis	Positive_Label	0.05908524362234591
456	9f4b9044-8882-451e-958f-57baccb90e64	LT0010_27/LT0010_27_173_83.tif	Not Binuclear	CP	0.1	0.0	Binuclear	Negative_Label	0.6494920553184445
457	9f4b9044-8882-451e-958f-57baccb90e64	LT0010_27/LT0010_27_173_83.tif	Not Binuclear	CP	0.1	0.0	Binuclear	Positive_Label	0.35050794468155555
458	9f4b9044-8882-451e-958f-57baccb90e64	LT0010_27/LT0010_27_173_83.tif	Elongated	CP	0.1	0.1	Elongated	Negative_Label	0.880162479741246
459	9f4b9044-8882-451e-958f-57baccb90e64	LT0010_27/LT0010_27_173_83.tif	Elongated	CP	0.1	0.1	Elongated	Positive_Label	0.11983752025875405
460	9f4b9044-8882-451e-958f-57baccb90e64	LT0010_27/LT0010_27_173_83.tif	Not Grape	CP	0.01	0.0	Grape	Negative_Label	0.6752156326689244
461	9f4b9044-8882-451e-958f-57baccb90e64	LT0010_27/LT0010_27_173_83.tif	Not Grape	CP	0.01	0.0	Grape	Positive_Label	0.32478436733107563
462	9f4b9044-8882-451e-958f-57baccb90e64	LT0010_27/LT0010_27_173_83.tif	Not Hole	CP	0.01	0.1	Hole	Negative_Label	0.8107575463778932
463	9f4b9044-8882-451e-958f-57baccb90e64	LT0010_27/LT0010_27_173_83.tif	Not Hole	CP	0.01	0.1	Hole	Positive_Label	0.1892424536221068
464	9f4b9044-8882-451e-958f-57baccb90e64	LT0010_27/LT0010_27_173_83.tif	Not Interphase	CP	1.0	0.0	Interphase	Negative_Label	0.04569740446440635
465	9f4b9044-8882-451e-958f-57baccb90e64	LT0010_27/LT0010_27_173_83.tif	Not Interphase	CP	1.0	0.0	Interphase	Positive_Label	0.9543025955355936
466	9f4b9044-8882-451e-958f-57baccb90e64	LT0010_27/LT0010_27_173_83.tif	Not Large	CP	0.01	0.1	Large	Negative_Label	0.3858225524206783
467	9f4b9044-8882-451e-958f-57baccb90e64	LT0010_27/LT0010_27_173_83.tif	Not Large	CP	0.01	0.1	Large	Positive_Label	0.6141774475793217
468	9f4b9044-8882-451e-958f-57baccb90e64	LT0010_27/LT0010_27_173_83.tif	Not Metaphase	CP	0.1	0.2	Metaphase	Negative_Label	0.6366828746633215
469	9f4b9044-8882-451e-958f-57baccb90e64	LT0010_27/LT0010_27_173_83.tif	Not Metaphase	CP	0.1	0.2	Metaphase	Positive_Label	0.3633171253366785
470	9f4b9044-8882-451e-958f-57baccb90e64	LT0010_27/LT0010_27_173_83.tif	Not MetaphaseAlignment	CP	0.1	0.5	MetaphaseAlignment	Negative_Label	0.6914697324175259
471	9f4b9044-8882-451e-958f-57baccb90e64	LT0010_27/LT0010_27_173_83.tif	Not MetaphaseAlignment	CP	0.1	0.5	MetaphaseAlignment	Positive_Label	0.30853026758247415
472	9f4b9044-8882-451e-958f-57baccb90e64	LT0010_27/LT0010_27_173_83.tif	Not OutOfFocus	CP	0.1	0.1	OutOfFocus	Negative_Label	0.7910208601325663
473	9f4b9044-8882-451e-958f-57baccb90e64	LT0010_27/LT0010_27_173_83.tif	Not OutOfFocus	CP	0.1	0.1	OutOfFocus	Positive_Label	0.20897913986743363
474	9f4b9044-8882-451e-958f-57baccb90e64	LT0010_27/LT0010_27_173_83.tif	Not Polylobed	CP	0.1	0.6000000000000001	Polylobed	Negative_Label	0.5916094788735761
475	9f4b9044-8882-451e-958f-57baccb90e64	LT0010_27/LT0010_27_173_83.tif	Not Polylobed	CP	0.1	0.6000000000000001	Polylobed	Positive_Label	0.40839052112642393
476	9f4b9044-8882-451e-958f-57baccb90e64	LT0010_27/LT0010_27_173_83.tif	Not Prometaphase	CP	1.0	0.7000000000000001	Prometaphase	Negative_Label	0.9654244880345195
477	9f4b9044-8882-451e-958f-57baccb90e64	LT0010_27/LT0010_27_173_83.tif	Not Prometaphase	CP	1.0	0.7000000000000001	Prometaphase	Positive_Label	0.03457551196548043
478	9f4b9044-8882-451e-958f-57baccb90e64	LT0010_27/LT0010_27_173_83.tif	Not SmallIrregular	CP	1.0	0.8	SmallIrregular	Negative_Label	0.9962246849570082
479	9f4b9044-8882-451e-958f-57baccb90e64	LT0010_27/LT0010_27_173_83.tif	Not SmallIrregular	CP	1.0	0.8	SmallIrregular	Positive_Label	0.003775315042991743
480	9f99cd26-b707-4915-81fa-9646d1e19331	LT0010_27/LT0010_27_173_83.tif	Not ADCCM	CP	0.01	0.2	ADCCM	Negative_Label	0.6057223684916873
481	9f99cd26-b707-4915-81fa-9646d1e19331	LT0010_27/LT0010_27_173_83.tif	Not ADCCM	CP	0.01	0.2	ADCCM	Positive_Label	0.39427763150831274
482	9f99cd26-b707-4915-81fa-9646d1e19331	LT0010_27/LT0010_27_173_83.tif	Not Anaphase	CP	0.01	0.0	Anaphase	Negative_Label	0.7159623844355626
483	9f99cd26-b707-4915-81fa-9646d1e19331	LT0010_27/LT0010_27_173_83.tif	Not Anaphase	CP	0.01	0.0	Anaphase	Positive_Label	0.2840376155644374
484	9f99cd26-b707-4915-81fa-9646d1e19331	LT0010_27/LT0010_27_173_83.tif	Not Apoptosis	CP	0.01	0.1	Apoptosis	Negative_Label	0.7707938870209458
485	9f99cd26-b707-4915-81fa-9646d1e19331	LT0010_27/LT0010_27_173_83.tif	Not Apoptosis	CP	0.01	0.1	Apoptosis	Positive_Label	0.22920611297905424
486	9f99cd26-b707-4915-81fa-9646d1e19331	LT0010_27/LT0010_27_173_83.tif	Not Binuclear	CP	0.1	0.0	Binuclear	Negative_Label	0.9890844038225439
487	9f99cd26-b707-4915-81fa-9646d1e19331	LT0010_27/LT0010_27_173_83.tif	Not Binuclear	CP	0.1	0.0	Binuclear	Positive_Label	0.010915596177456077
488	9f99cd26-b707-4915-81fa-9646d1e19331	LT0010_27/LT0010_27_173_83.tif	Elongated	CP	0.1	0.1	Elongated	Negative_Label	0.014695754237356038
489	9f99cd26-b707-4915-81fa-9646d1e19331	LT0010_27/LT0010_27_173_83.tif	Elongated	CP	0.1	0.1	Elongated	Positive_Label	0.985304245762644
490	9f99cd26-b707-4915-81fa-9646d1e19331	LT0010_27/LT0010_27_173_83.tif	Not Grape	CP	0.01	0.0	Grape	Negative_Label	0.40091385352859715
491	9f99cd26-b707-4915-81fa-9646d1e19331	LT0010_27/LT0010_27_173_83.tif	Not Grape	CP	0.01	0.0	Grape	Positive_Label	0.5990861464714028
492	9f99cd26-b707-4915-81fa-9646d1e19331	LT0010_27/LT0010_27_173_83.tif	Not Hole	CP	0.01	0.1	Hole	Negative_Label	0.745468468058452
493	9f99cd26-b707-4915-81fa-9646d1e19331	LT0010_27/LT0010_27_173_83.tif	Not Hole	CP	0.01	0.1	Hole	Positive_Label	0.254531531941548
494	9f99cd26-b707-4915-81fa-9646d1e19331	LT0010_27/LT0010_27_173_83.tif	Not Interphase	CP	1.0	0.0	Interphase	Negative_Label	0.918554625073177
495	9f99cd26-b707-4915-81fa-9646d1e19331	LT0010_27/LT0010_27_173_83.tif	Not Interphase	CP	1.0	0.0	Interphase	Positive_Label	0.08144537492682302
496	9f99cd26-b707-4915-81fa-9646d1e19331	LT0010_27/LT0010_27_173_83.tif	Not Large	CP	0.01	0.1	Large	Negative_Label	0.6305503376940065
497	9f99cd26-b707-4915-81fa-9646d1e19331	LT0010_27/LT0010_27_173_83.tif	Not Large	CP	0.01	0.1	Large	Positive_Label	0.3694496623059935
498	9f99cd26-b707-4915-81fa-9646d1e19331	LT0010_27/LT0010_27_173_83.tif	Not Metaphase	CP	0.1	0.2	Metaphase	Negative_Label	0.23680354918952842
499	9f99cd26-b707-4915-81fa-9646d1e19331	LT0010_27/LT0010_27_173_83.tif	Not Metaphase	CP	0.1	0.2	Metaphase	Positive_Label	0.7631964508104716
500	9f99cd26-b707-4915-81fa-9646d1e19331	LT0010_27/LT0010_27_173_83.tif	Not MetaphaseAlignment	CP	0.1	0.5	MetaphaseAlignment	Negative_Label	0.7903005937544485
501	9f99cd26-b707-4915-81fa-9646d1e19331	LT0010_27/LT0010_27_173_83.tif	Not MetaphaseAlignment	CP	0.1	0.5	MetaphaseAlignment	Positive_Label	0.2096994062455515
502	9f99cd26-b707-4915-81fa-9646d1e19331	LT0010_27/LT0010_27_173_83.tif	Not OutOfFocus	CP	0.1	0.1	OutOfFocus	Negative_Label	0.9928021539868519
503	9f99cd26-b707-4915-81fa-9646d1e19331	LT0010_27/LT0010_27_173_83.tif	Not OutOfFocus	CP	0.1	0.1	OutOfFocus	Positive_Label	0.007197846013148115
504	9f99cd26-b707-4915-81fa-9646d1e19331	LT0010_27/LT0010_27_173_83.tif	Not Polylobed	CP	0.1	0.6000000000000001	Polylobed	Negative_Label	0.782635274456742
505	9f99cd26-b707-4915-81fa-9646d1e19331	LT0010_27/LT0010_27_173_83.tif	Not Polylobed	CP	0.1	0.6000000000000001	Polylobed	Positive_Label	0.21736472554325806
506	9f99cd26-b707-4915-81fa-9646d1e19331	LT0010_27/LT0010_27_173_83.tif	Not Prometaphase	CP	1.0	0.7000000000000001	Prometaphase	Negative_Label	0.8157679068192993
507	9f99cd26-b707-4915-81fa-9646d1e19331	LT0010_27/LT0010_27_173_83.tif	Not Prometaphase	CP	1.0	0.7000000000000001	Prometaphase	Positive_Label	0.1842320931807007
508	9f99cd26-b707-4915-81fa-9646d1e19331	LT0010_27/LT0010_27_173_83.tif	Not SmallIrregular	CP	1.0	0.8	SmallIrregular	Negative_Label	0.9959003529433414
509	9f99cd26-b707-4915-81fa-9646d1e19331	LT0010_27/LT0010_27_173_83.tif	Not SmallIrregular	CP	1.0	0.8	SmallIrregular	Positive_Label	0.0040996470566585464
510	9fab8311-2c40-405b-bf94-d7b8f252fe6c	LT0010_27/LT0010_27_173_83.tif	Not ADCCM	CP	0.01	0.2	ADCCM	Negative_Label	0.6925332464076073
511	9fab8311-2c40-405b-bf94-d7b8f252fe6c	LT0010_27/LT0010_27_173_83.tif	Not ADCCM	CP	0.01	0.2	ADCCM	Positive_Label	0.3074667535923927
512	9fab8311-2c40-405b-bf94-d7b8f252fe6c	LT0010_27/LT0010_27_173_83.tif	Not Anaphase	CP	0.01	0.0	Anaphase	Negative_Label	0.6809405694178652
513	9fab8311-2c40-405b-bf94-d7b8f252fe6c	LT0010_27/LT0010_27_173_83.tif	Not Anaphase	CP	0.01	0.0	Anaphase	Positive_Label	0.3190594305821348
514	9fab8311-2c40-405b-bf94-d7b8f252fe6c	LT0010_27/LT0010_27_173_83.tif	Not Apoptosis	CP	0.01	0.1	Apoptosis	Negative_Label	0.8714089616149847
515	9fab8311-2c40-405b-bf94-d7b8f252fe6c	LT0010_27/LT0010_27_173_83.tif	Not Apoptosis	CP	0.01	0.1	Apoptosis	Positive_Label	0.1285910383850153
516	9fab8311-2c40-405b-bf94-d7b8f252fe6c	LT0010_27/LT0010_27_173_83.tif	Not Binuclear	CP	0.1	0.0	Binuclear	Negative_Label	0.9959434445908087
517	9fab8311-2c40-405b-bf94-d7b8f252fe6c	LT0010_27/LT0010_27_173_83.tif	Not Binuclear	CP	0.1	0.0	Binuclear	Positive_Label	0.004056555409191254
518	9fab8311-2c40-405b-bf94-d7b8f252fe6c	LT0010_27/LT0010_27_173_83.tif	Elongated	CP	0.1	0.1	Elongated	Negative_Label	0.047142194936977834
519	9fab8311-2c40-405b-bf94-d7b8f252fe6c	LT0010_27/LT0010_27_173_83.tif	Elongated	CP	0.1	0.1	Elongated	Positive_Label	0.9528578050630222
520	9fab8311-2c40-405b-bf94-d7b8f252fe6c	LT0010_27/LT0010_27_173_83.tif	Not Grape	CP	0.01	0.0	Grape	Negative_Label	0.4299668429943252
521	9fab8311-2c40-405b-bf94-d7b8f252fe6c	LT0010_27/LT0010_27_173_83.tif	Not Grape	CP	0.01	0.0	Grape	Positive_Label	0.5700331570056748
522	9fab8311-2c40-405b-bf94-d7b8f252fe6c	LT0010_27/LT0010_27_173_83.tif	Not Hole	CP	0.01	0.1	Hole	Negative_Label	0.7626310033826508
523	9fab8311-2c40-405b-bf94-d7b8f252fe6c	LT0010_27/LT0010_27_173_83.tif	Not Hole	CP	0.01	0.1	Hole	Positive_Label	0.23736899661734923
524	9fab8311-2c40-405b-bf94-d7b8f252fe6c	LT0010_27/LT0010_27_173_83.tif	Not Interphase	CP	1.0	0.0	Interphase	Negative_Label	0.7319771224298428
525	9fab8311-2c40-405b-bf94-d7b8f252fe6c	LT0010_27/LT0010_27_173_83.tif	Not Interphase	CP	1.0	0.0	Interphase	Positive_Label	0.2680228775701572
526	9fab8311-2c40-405b-bf94-d7b8f252fe6c	LT0010_27/LT0010_27_173_83.tif	Not Large	CP	0.01	0.1	Large	Negative_Label	0.7041461256614967
527	9fab8311-2c40-405b-bf94-d7b8f252fe6c	LT0010_27/LT0010_27_173_83.tif	Not Large	CP	0.01	0.1	Large	Positive_Label	0.2958538743385033
528	9fab8311-2c40-405b-bf94-d7b8f252fe6c	LT0010_27/LT0010_27_173_83.tif	Not Metaphase	CP	0.1	0.2	Metaphase	Negative_Label	0.3216934346976621
529	9fab8311-2c40-405b-bf94-d7b8f252fe6c	LT0010_27/LT0010_27_173_83.tif	Not Metaphase	CP	0.1	0.2	Metaphase	Positive_Label	0.6783065653023379
530	9fab8311-2c40-405b-bf94-d7b8f252fe6c	LT0010_27/LT0010_27_173_83.tif	Not MetaphaseAlignment	CP	0.1	0.5	MetaphaseAlignment	Negative_Label	0.7242172177931264
531	9fab8311-2c40-405b-bf94-d7b8f252fe6c	LT0010_27/LT0010_27_173_83.tif	Not MetaphaseAlignment	CP	0.1	0.5	MetaphaseAlignment	Positive_Label	0.2757827822068736
532	9fab8311-2c40-405b-bf94-d7b8f252fe6c	LT0010_27/LT0010_27_173_83.tif	Not OutOfFocus	CP	0.1	0.1	OutOfFocus	Negative_Label	0.9496489906151281
533	9fab8311-2c40-405b-bf94-d7b8f252fe6c	LT0010_27/LT0010_27_173_83.tif	Not OutOfFocus	CP	0.1	0.1	OutOfFocus	Positive_Label	0.05035100938487191
534	9fab8311-2c40-405b-bf94-d7b8f252fe6c	LT0010_27/LT0010_27_173_83.tif	Not Polylobed	CP	0.1	0.6000000000000001	Polylobed	Negative_Label	0.8007314393482622
535	9fab8311-2c40-405b-bf94-d7b8f252fe6c	LT0010_27/LT0010_27_173_83.tif	Not Polylobed	CP	0.1	0.6000000000000001	Polylobed	Positive_Label	0.19926856065173784
536	9fab8311-2c40-405b-bf94-d7b8f252fe6c	LT0010_27/LT0010_27_173_83.tif	Not Prometaphase	CP	1.0	0.7000000000000001	Prometaphase	Negative_Label	0.5235504875331565
537	9fab8311-2c40-405b-bf94-d7b8f252fe6c	LT0010_27/LT0010_27_173_83.tif	Not Prometaphase	CP	1.0	0.7000000000000001	Prometaphase	Positive_Label	0.47644951246684347
538	9fab8311-2c40-405b-bf94-d7b8f252fe6c	LT0010_27/LT0010_27_173_83.tif	Not SmallIrregular	CP	1.0	0.8	SmallIrregular	Negative_Label	0.845743636580421
539	9fab8311-2c40-405b-bf94-d7b8f252fe6c	LT0010_27/LT0010_27_173_83.tif	Not SmallIrregular	CP	1.0	0.8	SmallIrregular	Positive_Label	0.1542563634195791
540	a271fc91-d68c-4d45-93da-62d1eb0b365e	LT0010_27/LT0010_27_173_83.tif	Not ADCCM	CP	0.01	0.2	ADCCM	Negative_Label	0.6251443126269076
541	a271fc91-d68c-4d45-93da-62d1eb0b365e	LT0010_27/LT0010_27_173_83.tif	Not ADCCM	CP	0.01	0.2	ADCCM	Positive_Label	0.3748556873730924
542	a271fc91-d68c-4d45-93da-62d1eb0b365e	LT0010_27/LT0010_27_173_83.tif	Not Anaphase	CP	0.01	0.0	Anaphase	Negative_Label	0.6317463624398082
543	a271fc91-d68c-4d45-93da-62d1eb0b365e	LT0010_27/LT0010_27_173_83.tif	Not Anaphase	CP	0.01	0.0	Anaphase	Positive_Label	0.3682536375601918
544	a271fc91-d68c-4d45-93da-62d1eb0b365e	LT0010_27/LT0010_27_173_83.tif	Not Apoptosis	CP	0.01	0.1	Apoptosis	Negative_Label	0.8735596532160844
545	a271fc91-d68c-4d45-93da-62d1eb0b365e	LT0010_27/LT0010_27_173_83.tif	Not Apoptosis	CP	0.01	0.1	Apoptosis	Positive_Label	0.12644034678391558
546	a271fc91-d68c-4d45-93da-62d1eb0b365e	LT0010_27/LT0010_27_173_83.tif	Not Binuclear	CP	0.1	0.0	Binuclear	Negative_Label	0.9971761664396941
547	a271fc91-d68c-4d45-93da-62d1eb0b365e	LT0010_27/LT0010_27_173_83.tif	Not Binuclear	CP	0.1	0.0	Binuclear	Positive_Label	0.0028238335603059106
548	a271fc91-d68c-4d45-93da-62d1eb0b365e	LT0010_27/LT0010_27_173_83.tif	Elongated	CP	0.1	0.1	Elongated	Negative_Label	0.1905187631811173
549	a271fc91-d68c-4d45-93da-62d1eb0b365e	LT0010_27/LT0010_27_173_83.tif	Elongated	CP	0.1	0.1	Elongated	Positive_Label	0.8094812368188827
550	a271fc91-d68c-4d45-93da-62d1eb0b365e	LT0010_27/LT0010_27_173_83.tif	Not Grape	CP	0.01	0.0	Grape	Negative_Label	0.8688495711778335
551	a271fc91-d68c-4d45-93da-62d1eb0b365e	LT0010_27/LT0010_27_173_83.tif	Not Grape	CP	0.01	0.0	Grape	Positive_Label	0.13115042882216654
552	a271fc91-d68c-4d45-93da-62d1eb0b365e	LT0010_27/LT0010_27_173_83.tif	Not Hole	CP	0.01	0.1	Hole	Negative_Label	0.5967572658048977
553	a271fc91-d68c-4d45-93da-62d1eb0b365e	LT0010_27/LT0010_27_173_83.tif	Not Hole	CP	0.01	0.1	Hole	Positive_Label	0.40324273419510226
554	a271fc91-d68c-4d45-93da-62d1eb0b365e	LT0010_27/LT0010_27_173_83.tif	Not Interphase	CP	1.0	0.0	Interphase	Negative_Label	0.22854764342444187
555	a271fc91-d68c-4d45-93da-62d1eb0b365e	LT0010_27/LT0010_27_173_83.tif	Not Interphase	CP	1.0	0.0	Interphase	Positive_Label	0.7714523565755581
556	a271fc91-d68c-4d45-93da-62d1eb0b365e	LT0010_27/LT0010_27_173_83.tif	Not Large	CP	0.01	0.1	Large	Negative_Label	0.7569211157212246
557	a271fc91-d68c-4d45-93da-62d1eb0b365e	LT0010_27/LT0010_27_173_83.tif	Not Large	CP	0.01	0.1	Large	Positive_Label	0.24307888427877544
558	a271fc91-d68c-4d45-93da-62d1eb0b365e	LT0010_27/LT0010_27_173_83.tif	Not Metaphase	CP	0.1	0.2	Metaphase	Negative_Label	0.1826367205982831
559	a271fc91-d68c-4d45-93da-62d1eb0b365e	LT0010_27/LT0010_27_173_83.tif	Not Metaphase	CP	0.1	0.2	Metaphase	Positive_Label	0.8173632794017169
560	a271fc91-d68c-4d45-93da-62d1eb0b365e	LT0010_27/LT0010_27_173_83.tif	Not MetaphaseAlignment	CP	0.1	0.5	MetaphaseAlignment	Negative_Label	0.690215881508863
561	a271fc91-d68c-4d45-93da-62d1eb0b365e	LT0010_27/LT0010_27_173_83.tif	Not MetaphaseAlignment	CP	0.1	0.5	MetaphaseAlignment	Positive_Label	0.30978411849113696
562	a271fc91-d68c-4d45-93da-62d1eb0b365e	LT0010_27/LT0010_27_173_83.tif	Not OutOfFocus	CP	0.1	0.1	OutOfFocus	Negative_Label	0.997836457268431
563	a271fc91-d68c-4d45-93da-62d1eb0b365e	LT0010_27/LT0010_27_173_83.tif	Not OutOfFocus	CP	0.1	0.1	OutOfFocus	Positive_Label	0.0021635427315690303
564	a271fc91-d68c-4d45-93da-62d1eb0b365e	LT0010_27/LT0010_27_173_83.tif	Not Polylobed	CP	0.1	0.6000000000000001	Polylobed	Negative_Label	0.871239761864132
565	a271fc91-d68c-4d45-93da-62d1eb0b365e	LT0010_27/LT0010_27_173_83.tif	Not Polylobed	CP	0.1	0.6000000000000001	Polylobed	Positive_Label	0.12876023813586804
566	a271fc91-d68c-4d45-93da-62d1eb0b365e	LT0010_27/LT0010_27_173_83.tif	Not Prometaphase	CP	1.0	0.7000000000000001	Prometaphase	Negative_Label	0.8993331576257805
567	a271fc91-d68c-4d45-93da-62d1eb0b365e	LT0010_27/LT0010_27_173_83.tif	Not Prometaphase	CP	1.0	0.7000000000000001	Prometaphase	Positive_Label	0.10066684237421951
568	a271fc91-d68c-4d45-93da-62d1eb0b365e	LT0010_27/LT0010_27_173_83.tif	Not SmallIrregular	CP	1.0	0.8	SmallIrregular	Negative_Label	0.5803975994350027
569	a271fc91-d68c-4d45-93da-62d1eb0b365e	LT0010_27/LT0010_27_173_83.tif	Not SmallIrregular	CP	1.0	0.8	SmallIrregular	Positive_Label	0.4196024005649973
570	cec7234f-fe35-4411-aded-f8112bb31219	LT0010_27/LT0010_27_173_83.tif	Not ADCCM	CP	0.01	0.2	ADCCM	Negative_Label	0.660985948627778
571	cec7234f-fe35-4411-aded-f8112bb31219	LT0010_27/LT0010_27_173_83.tif	Not ADCCM	CP	0.01	0.2	ADCCM	Positive_Label	0.33901405137222196
572	cec7234f-fe35-4411-aded-f8112bb31219	LT0010_27/LT0010_27_173_83.tif	Not Anaphase	CP	0.01	0.0	Anaphase	Negative_Label	0.43786113165169394
573	cec7234f-fe35-4411-aded-f8112bb31219	LT0010_27/LT0010_27_173_83.tif	Not Anaphase	CP	0.01	0.0	Anaphase	Positive_Label	0.5621388683483061
574	cec7234f-fe35-4411-aded-f8112bb31219	LT0010_27/LT0010_27_173_83.tif	Not Apoptosis	CP	0.01	0.1	Apoptosis	Negative_Label	0.8201013000733
575	cec7234f-fe35-4411-aded-f8112bb31219	LT0010_27/LT0010_27_173_83.tif	Not Apoptosis	CP	0.01	0.1	Apoptosis	Positive_Label	0.17989869992670005
576	cec7234f-fe35-4411-aded-f8112bb31219	LT0010_27/LT0010_27_173_83.tif	Not Binuclear	CP	0.1	0.0	Binuclear	Negative_Label	0.9989173110348366
577	cec7234f-fe35-4411-aded-f8112bb31219	LT0010_27/LT0010_27_173_83.tif	Not Binuclear	CP	0.1	0.0	Binuclear	Positive_Label	0.001082688965163392
578	cec7234f-fe35-4411-aded-f8112bb31219	LT0010_27/LT0010_27_173_83.tif	Not Elongated	CP	0.1	0.1	Elongated	Negative_Label	0.023411539329276494
579	cec7234f-fe35-4411-aded-f8112bb31219	LT0010_27/LT0010_27_173_83.tif	Not Elongated	CP	0.1	0.1	Elongated	Positive_Label	0.9765884606707235
580	cec7234f-fe35-4411-aded-f8112bb31219	LT0010_27/LT0010_27_173_83.tif	Not Grape	CP	0.01	0.0	Grape	Negative_Label	0.6119502224627088
581	cec7234f-fe35-4411-aded-f8112bb31219	LT0010_27/LT0010_27_173_83.tif	Not Grape	CP	0.01	0.0	Grape	Positive_Label	0.3880497775372912
582	cec7234f-fe35-4411-aded-f8112bb31219	LT0010_27/LT0010_27_173_83.tif	Not Hole	CP	0.01	0.1	Hole	Negative_Label	0.5018116499746978
583	cec7234f-fe35-4411-aded-f8112bb31219	LT0010_27/LT0010_27_173_83.tif	Not Hole	CP	0.01	0.1	Hole	Positive_Label	0.49818835002530215
584	cec7234f-fe35-4411-aded-f8112bb31219	LT0010_27/LT0010_27_173_83.tif	Not Interphase	CP	1.0	0.0	Interphase	Negative_Label	0.4822083189487921
585	cec7234f-fe35-4411-aded-f8112bb31219	LT0010_27/LT0010_27_173_83.tif	Not Interphase	CP	1.0	0.0	Interphase	Positive_Label	0.5177916810512079
586	cec7234f-fe35-4411-aded-f8112bb31219	LT0010_27/LT0010_27_173_83.tif	Large	CP	0.01	0.1	Large	Negative_Label	0.7316222952326377
587	cec7234f-fe35-4411-aded-f8112bb31219	LT0010_27/LT0010_27_173_83.tif	Large	CP	0.01	0.1	Large	Positive_Label	0.26837770476736234
588	cec7234f-fe35-4411-aded-f8112bb31219	LT0010_27/LT0010_27_173_83.tif	Not Metaphase	CP	0.1	0.2	Metaphase	Negative_Label	0.21364058525457497
589	cec7234f-fe35-4411-aded-f8112bb31219	LT0010_27/LT0010_27_173_83.tif	Not Metaphase	CP	0.1	0.2	Metaphase	Positive_Label	0.786359414745425
590	cec7234f-fe35-4411-aded-f8112bb31219	LT0010_27/LT0010_27_173_83.tif	Not MetaphaseAlignment	CP	0.1	0.5	MetaphaseAlignment	Negative_Label	0.7451485433837602
591	cec7234f-fe35-4411-aded-f8112bb31219	LT0010_27/LT0010_27_173_83.tif	Not MetaphaseAlignment	CP	0.1	0.5	MetaphaseAlignment	Positive_Label	0.25485145661623976
592	cec7234f-fe35-4411-aded-f8112bb31219	LT0010_27/LT0010_27_173_83.tif	Not OutOfFocus	CP	0.1	0.1	OutOfFocus	Negative_Label	0.994913293739897
593	cec7234f-fe35-4411-aded-f8112bb31219	LT0010_27/LT0010_27_173_83.tif	Not OutOfFocus	CP	0.1	0.1	OutOfFocus	Positive_Label	0.005086706260102939
594	cec7234f-fe35-4411-aded-f8112bb31219	LT0010_27/LT0010_27_173_83.tif	Not Polylobed	CP	0.1	0.6000000000000001	Polylobed	Negative_Label	0.8407394609562475
595	cec7234f-fe35-4411-aded-f8112bb31219	LT0010_27/LT0010_27_173_83.tif	Not Polylobed	CP	0.1	0.6000000000000001	Polylobed	Positive_Label	0.15926053904375248
596	cec7234f-fe35-4411-aded-f8112bb31219	LT0010_27/LT0010_27_173_83.tif	Not Prometaphase	CP	1.0	0.7000000000000001	Prometaphase	Negative_Label	0.868195975584612
597	cec7234f-fe35-4411-aded-f8112bb31219	LT0010_27/LT0010_27_173_83.tif	Not Prometaphase	CP	1.0	0.7000000000000001	Prometaphase	Positive_Label	0.131804024415388
598	cec7234f-fe35-4411-aded-f8112bb31219	LT0010_27/LT0010_27_173_83.tif	Not SmallIrregular	CP	1.0	0.8	SmallIrregular	Negative_Label	0.562708962898256
599	cec7234f-fe35-4411-aded-f8112bb31219	LT0010_27/LT0010_27_173_83.tif	Not SmallIrregular	CP	1.0	0.8	SmallIrregular	Positive_Label	0.437291037101744
600	d2187d10-eff4-4be1-9bbd-4771844dce1f	LT0010_27/LT0010_27_173_83.tif	Not ADCCM	CP	0.01	0.2	ADCCM	Negative_Label	0.5412866469042841
601	d2187d10-eff4-4be1-9bbd-4771844dce1f	LT0010_27/LT0010_27_173_83.tif	Not ADCCM	CP	0.01	0.2	ADCCM	Positive_Label	0.4587133530957159
602	d2187d10-eff4-4be1-9bbd-4771844dce1f	LT0010_27/LT0010_27_173_83.tif	Not Anaphase	CP	0.01	0.0	Anaphase	Negative_Label	0.7985096810575081
603	d2187d10-eff4-4be1-9bbd-4771844dce1f	LT0010_27/LT0010_27_173_83.tif	Not Anaphase	CP	0.01	0.0	Anaphase	Positive_Label	0.20149031894249192
604	d2187d10-eff4-4be1-9bbd-4771844dce1f	LT0010_27/LT0010_27_173_83.tif	Not Apoptosis	CP	0.01	0.1	Apoptosis	Negative_Label	0.9579740231555667
605	d2187d10-eff4-4be1-9bbd-4771844dce1f	LT0010_27/LT0010_27_173_83.tif	Not Apoptosis	CP	0.01	0.1	Apoptosis	Positive_Label	0.04202597684443332
606	d2187d10-eff4-4be1-9bbd-4771844dce1f	LT0010_27/LT0010_27_173_83.tif	Not Binuclear	CP	0.1	0.0	Binuclear	Negative_Label	0.9982157267806955
607	d2187d10-eff4-4be1-9bbd-4771844dce1f	LT0010_27/LT0010_27_173_83.tif	Not Binuclear	CP	0.1	0.0	Binuclear	Positive_Label	0.0017842732193045219
608	d2187d10-eff4-4be1-9bbd-4771844dce1f	LT0010_27/LT0010_27_173_83.tif	Elongated	CP	0.1	0.1	Elongated	Negative_Label	0.038813580636567487
609	d2187d10-eff4-4be1-9bbd-4771844dce1f	LT0010_27/LT0010_27_173_83.tif	Elongated	CP	0.1	0.1	Elongated	Positive_Label	0.9611864193634325
610	d2187d10-eff4-4be1-9bbd-4771844dce1f	LT0010_27/LT0010_27_173_83.tif	Not Grape	CP	0.01	0.0	Grape	Negative_Label	0.6688456287779961
611	d2187d10-eff4-4be1-9bbd-4771844dce1f	LT0010_27/LT0010_27_173_83.tif	Not Grape	CP	0.01	0.0	Grape	Positive_Label	0.33115437122200386
612	d2187d10-eff4-4be1-9bbd-4771844dce1f	LT0010_27/LT0010_27_173_83.tif	Not Hole	CP	0.01	0.1	Hole	Negative_Label	0.8151755179216704
613	d2187d10-eff4-4be1-9bbd-4771844dce1f	LT0010_27/LT0010_27_173_83.tif	Not Hole	CP	0.01	0.1	Hole	Positive_Label	0.18482448207832958
614	d2187d10-eff4-4be1-9bbd-4771844dce1f	LT0010_27/LT0010_27_173_83.tif	Not Interphase	CP	1.0	0.0	Interphase	Negative_Label	0.9777832718746438
615	d2187d10-eff4-4be1-9bbd-4771844dce1f	LT0010_27/LT0010_27_173_83.tif	Not Interphase	CP	1.0	0.0	Interphase	Positive_Label	0.022216728125356244
616	d2187d10-eff4-4be1-9bbd-4771844dce1f	LT0010_27/LT0010_27_173_83.tif	Not Large	CP	0.01	0.1	Large	Negative_Label	0.6393777894336313
617	d2187d10-eff4-4be1-9bbd-4771844dce1f	LT0010_27/LT0010_27_173_83.tif	Not Large	CP	0.01	0.1	Large	Positive_Label	0.3606222105663687
618	d2187d10-eff4-4be1-9bbd-4771844dce1f	LT0010_27/LT0010_27_173_83.tif	Not Metaphase	CP	0.1	0.2	Metaphase	Negative_Label	0.4675313437152136
619	d2187d10-eff4-4be1-9bbd-4771844dce1f	LT0010_27/LT0010_27_173_83.tif	Not Metaphase	CP	0.1	0.2	Metaphase	Positive_Label	0.5324686562847865
620	d2187d10-eff4-4be1-9bbd-4771844dce1f	LT0010_27/LT0010_27_173_83.tif	Not MetaphaseAlignment	CP	0.1	0.5	MetaphaseAlignment	Negative_Label	0.8336842232133073
621	d2187d10-eff4-4be1-9bbd-4771844dce1f	LT0010_27/LT0010_27_173_83.tif	Not MetaphaseAlignment	CP	0.1	0.5	MetaphaseAlignment	Positive_Label	0.16631577678669274
622	d2187d10-eff4-4be1-9bbd-4771844dce1f	LT0010_27/LT0010_27_173_83.tif	Not OutOfFocus	CP	0.1	0.1	OutOfFocus	Negative_Label	0.9956097810029928
623	d2187d10-eff4-4be1-9bbd-4771844dce1f	LT0010_27/LT0010_27_173_83.tif	Not OutOfFocus	CP	0.1	0.1	OutOfFocus	Positive_Label	0.004390218997007198
624	d2187d10-eff4-4be1-9bbd-4771844dce1f	LT0010_27/LT0010_27_173_83.tif	Not Polylobed	CP	0.1	0.6000000000000001	Polylobed	Negative_Label	0.7932699635846547
625	d2187d10-eff4-4be1-9bbd-4771844dce1f	LT0010_27/LT0010_27_173_83.tif	Not Polylobed	CP	0.1	0.6000000000000001	Polylobed	Positive_Label	0.20673003641534532
626	d2187d10-eff4-4be1-9bbd-4771844dce1f	LT0010_27/LT0010_27_173_83.tif	Not Prometaphase	CP	1.0	0.7000000000000001	Prometaphase	Negative_Label	0.9640100560958367
627	d2187d10-eff4-4be1-9bbd-4771844dce1f	LT0010_27/LT0010_27_173_83.tif	Not Prometaphase	CP	1.0	0.7000000000000001	Prometaphase	Positive_Label	0.03598994390416337
628	d2187d10-eff4-4be1-9bbd-4771844dce1f	LT0010_27/LT0010_27_173_83.tif	Not SmallIrregular	CP	1.0	0.8	SmallIrregular	Negative_Label	0.9791807810517339
629	d2187d10-eff4-4be1-9bbd-4771844dce1f	LT0010_27/LT0010_27_173_83.tif	Not SmallIrregular	CP	1.0	0.8	SmallIrregular	Positive_Label	0.020819218948266143
630	d4b75ce8-18b0-434b-9436-4decbff1aead	LT0010_27/LT0010_27_173_83.tif	Not ADCCM	CP	0.01	0.2	ADCCM	Negative_Label	0.664575849117479
631	d4b75ce8-18b0-434b-9436-4decbff1aead	LT0010_27/LT0010_27_173_83.tif	Not ADCCM	CP	0.01	0.2	ADCCM	Positive_Label	0.335424150882521
632	d4b75ce8-18b0-434b-9436-4decbff1aead	LT0010_27/LT0010_27_173_83.tif	Not Anaphase	CP	0.01	0.0	Anaphase	Negative_Label	0.6676197911231313
633	d4b75ce8-18b0-434b-9436-4decbff1aead	LT0010_27/LT0010_27_173_83.tif	Not Anaphase	CP	0.01	0.0	Anaphase	Positive_Label	0.3323802088768687
634	d4b75ce8-18b0-434b-9436-4decbff1aead	LT0010_27/LT0010_27_173_83.tif	Not Apoptosis	CP	0.01	0.1	Apoptosis	Negative_Label	0.8233255134571603
635	d4b75ce8-18b0-434b-9436-4decbff1aead	LT0010_27/LT0010_27_173_83.tif	Not Apoptosis	CP	0.01	0.1	Apoptosis	Positive_Label	0.17667448654283968
636	d4b75ce8-18b0-434b-9436-4decbff1aead	LT0010_27/LT0010_27_173_83.tif	Not Binuclear	CP	0.1	0.0	Binuclear	Negative_Label	0.9925161649334098
637	d4b75ce8-18b0-434b-9436-4decbff1aead	LT0010_27/LT0010_27_173_83.tif	Not Binuclear	CP	0.1	0.0	Binuclear	Positive_Label	0.007483835066590228
638	d4b75ce8-18b0-434b-9436-4decbff1aead	LT0010_27/LT0010_27_173_83.tif	Elongated	CP	0.1	0.1	Elongated	Negative_Label	0.009467927236446703
639	d4b75ce8-18b0-434b-9436-4decbff1aead	LT0010_27/LT0010_27_173_83.tif	Elongated	CP	0.1	0.1	Elongated	Positive_Label	0.9905320727635533
640	d4b75ce8-18b0-434b-9436-4decbff1aead	LT0010_27/LT0010_27_173_83.tif	Not Grape	CP	0.01	0.0	Grape	Negative_Label	0.48196579637735487
641	d4b75ce8-18b0-434b-9436-4decbff1aead	LT0010_27/LT0010_27_173_83.tif	Not Grape	CP	0.01	0.0	Grape	Positive_Label	0.5180342036226451
642	d4b75ce8-18b0-434b-9436-4decbff1aead	LT0010_27/LT0010_27_173_83.tif	Not Hole	CP	0.01	0.1	Hole	Negative_Label	0.6160135277129113
643	d4b75ce8-18b0-434b-9436-4decbff1aead	LT0010_27/LT0010_27_173_83.tif	Not Hole	CP	0.01	0.1	Hole	Positive_Label	0.3839864722870887
644	d4b75ce8-18b0-434b-9436-4decbff1aead	LT0010_27/LT0010_27_173_83.tif	Not Interphase	CP	1.0	0.0	Interphase	Negative_Label	0.9382990612110671
645	d4b75ce8-18b0-434b-9436-4decbff1aead	LT0010_27/LT0010_27_173_83.tif	Not Interphase	CP	1.0	0.0	Interphase	Positive_Label	0.0617009387889329
646	d4b75ce8-18b0-434b-9436-4decbff1aead	LT0010_27/LT0010_27_173_83.tif	Not Large	CP	0.01	0.1	Large	Negative_Label	0.6029633981184248
647	d4b75ce8-18b0-434b-9436-4decbff1aead	LT0010_27/LT0010_27_173_83.tif	Not Large	CP	0.01	0.1	Large	Positive_Label	0.3970366018815752
648	d4b75ce8-18b0-434b-9436-4decbff1aead	LT0010_27/LT0010_27_173_83.tif	Not Metaphase	CP	0.1	0.2	Metaphase	Negative_Label	0.21703090630211194
649	d4b75ce8-18b0-434b-9436-4decbff1aead	LT0010_27/LT0010_27_173_83.tif	Not Metaphase	CP	0.1	0.2	Metaphase	Positive_Label	0.782969093697888
650	d4b75ce8-18b0-434b-9436-4decbff1aead	LT0010_27/LT0010_27_173_83.tif	Not MetaphaseAlignment	CP	0.1	0.5	MetaphaseAlignment	Negative_Label	0.9045514441644282
651	d4b75ce8-18b0-434b-9436-4decbff1aead	LT0010_27/LT0010_27_173_83.tif	Not MetaphaseAlignment	CP	0.1	0.5	MetaphaseAlignment	Positive_Label	0.09544855583557177
652	d4b75ce8-18b0-434b-9436-4decbff1aead	LT0010_27/LT0010_27_173_83.tif	Not OutOfFocus	CP	0.1	0.1	OutOfFocus	Negative_Label	0.9963611832328269
653	d4b75ce8-18b0-434b-9436-4decbff1aead	LT0010_27/LT0010_27_173_83.tif	Not OutOfFocus	CP	0.1	0.1	OutOfFocus	Positive_Label	0.003638816767173097
654	d4b75ce8-18b0-434b-9436-4decbff1aead	LT0010_27/LT0010_27_173_83.tif	Not Polylobed	CP	0.1	0.6000000000000001	Polylobed	Negative_Label	0.8155137713999285
655	d4b75ce8-18b0-434b-9436-4decbff1aead	LT0010_27/LT0010_27_173_83.tif	Not Polylobed	CP	0.1	0.6000000000000001	Polylobed	Positive_Label	0.1844862286000715
656	d4b75ce8-18b0-434b-9436-4decbff1aead	LT0010_27/LT0010_27_173_83.tif	Not Prometaphase	CP	1.0	0.7000000000000001	Prometaphase	Negative_Label	0.9727651007635798
657	d4b75ce8-18b0-434b-9436-4decbff1aead	LT0010_27/LT0010_27_173_83.tif	Not Prometaphase	CP	1.0	0.7000000000000001	Prometaphase	Positive_Label	0.0272348992364202
658	d4b75ce8-18b0-434b-9436-4decbff1aead	LT0010_27/LT0010_27_173_83.tif	Not SmallIrregular	CP	1.0	0.8	SmallIrregular	Negative_Label	0.9648467319173498
659	d4b75ce8-18b0-434b-9436-4decbff1aead	LT0010_27/LT0010_27_173_83.tif	Not SmallIrregular	CP	1.0	0.8	SmallIrregular	Positive_Label	0.03515326808265023
660	defefcd5-4b2e-4bb9-b42f-5f0a00066307	LT0010_27/LT0010_27_173_83.tif	Not ADCCM	CP	0.01	0.2	ADCCM	Negative_Label	0.6429875632691643
661	defefcd5-4b2e-4bb9-b42f-5f0a00066307	LT0010_27/LT0010_27_173_83.tif	Not ADCCM	CP	0.01	0.2	ADCCM	Positive_Label	0.3570124367308357
662	defefcd5-4b2e-4bb9-b42f-5f0a00066307	LT0010_27/LT0010_27_173_83.tif	Not Anaphase	CP	0.01	0.0	Anaphase	Negative_Label	0.4085212894818075
663	defefcd5-4b2e-4bb9-b42f-5f0a00066307	LT0010_27/LT0010_27_173_83.tif	Not Anaphase	CP	0.01	0.0	Anaphase	Positive_Label	0.5914787105181925
664	defefcd5-4b2e-4bb9-b42f-5f0a00066307	LT0010_27/LT0010_27_173_83.tif	Not Apoptosis	CP	0.01	0.1	Apoptosis	Negative_Label	0.7680799070699257
665	defefcd5-4b2e-4bb9-b42f-5f0a00066307	LT0010_27/LT0010_27_173_83.tif	Not Apoptosis	CP	0.01	0.1	Apoptosis	Positive_Label	0.23192009293007432
666	defefcd5-4b2e-4bb9-b42f-5f0a00066307	LT0010_27/LT0010_27_173_83.tif	Not Binuclear	CP	0.1	0.0	Binuclear	Negative_Label	0.9996660474123775
667	defefcd5-4b2e-4bb9-b42f-5f0a00066307	LT0010_27/LT0010_27_173_83.tif	Not Binuclear	CP	0.1	0.0	Binuclear	Positive_Label	0.0003339525876224769
668	defefcd5-4b2e-4bb9-b42f-5f0a00066307	LT0010_27/LT0010_27_173_83.tif	Elongated	CP	0.1	0.1	Elongated	Negative_Label	0.014734014766596077
669	defefcd5-4b2e-4bb9-b42f-5f0a00066307	LT0010_27/LT0010_27_173_83.tif	Elongated	CP	0.1	0.1	Elongated	Positive_Label	0.9852659852334039
670	defefcd5-4b2e-4bb9-b42f-5f0a00066307	LT0010_27/LT0010_27_173_83.tif	Not Grape	CP	0.01	0.0	Grape	Negative_Label	0.4435106683844472
671	defefcd5-4b2e-4bb9-b42f-5f0a00066307	LT0010_27/LT0010_27_173_83.tif	Not Grape	CP	0.01	0.0	Grape	Positive_Label	0.5564893316155528
672	defefcd5-4b2e-4bb9-b42f-5f0a00066307	LT0010_27/LT0010_27_173_83.tif	Not Hole	CP	0.01	0.1	Hole	Negative_Label	0.664850871153939
673	defefcd5-4b2e-4bb9-b42f-5f0a00066307	LT0010_27/LT0010_27_173_83.tif	Not Hole	CP	0.01	0.1	Hole	Positive_Label	0.33514912884606096
674	defefcd5-4b2e-4bb9-b42f-5f0a00066307	LT0010_27/LT0010_27_173_83.tif	Not Interphase	CP	1.0	0.0	Interphase	Negative_Label	0.939318784065912
675	defefcd5-4b2e-4bb9-b42f-5f0a00066307	LT0010_27/LT0010_27_173_83.tif	Not Interphase	CP	1.0	0.0	Interphase	Positive_Label	0.06068121593408804
676	defefcd5-4b2e-4bb9-b42f-5f0a00066307	LT0010_27/LT0010_27_173_83.tif	Not Large	CP	0.01	0.1	Large	Negative_Label	0.7596449052101346
677	defefcd5-4b2e-4bb9-b42f-5f0a00066307	LT0010_27/LT0010_27_173_83.tif	Not Large	CP	0.01	0.1	Large	Positive_Label	0.2403550947898654
678	defefcd5-4b2e-4bb9-b42f-5f0a00066307	LT0010_27/LT0010_27_173_83.tif	Not Metaphase	CP	0.1	0.2	Metaphase	Negative_Label	0.19877987391764537
679	defefcd5-4b2e-4bb9-b42f-5f0a00066307	LT0010_27/LT0010_27_173_83.tif	Not Metaphase	CP	0.1	0.2	Metaphase	Positive_Label	0.8012201260823546
680	defefcd5-4b2e-4bb9-b42f-5f0a00066307	LT0010_27/LT0010_27_173_83.tif	Not MetaphaseAlignment	CP	0.1	0.5	MetaphaseAlignment	Negative_Label	0.7250055886476539
681	defefcd5-4b2e-4bb9-b42f-5f0a00066307	LT0010_27/LT0010_27_173_83.tif	Not MetaphaseAlignment	CP	0.1	0.5	MetaphaseAlignment	Positive_Label	0.27499441135234615
682	defefcd5-4b2e-4bb9-b42f-5f0a00066307	LT0010_27/LT0010_27_173_83.tif	Not OutOfFocus	CP	0.1	0.1	OutOfFocus	Negative_Label	0.9937677354732488
683	defefcd5-4b2e-4bb9-b42f-5f0a00066307	LT0010_27/LT0010_27_173_83.tif	Not OutOfFocus	CP	0.1	0.1	OutOfFocus	Positive_Label	0.006232264526751178
684	defefcd5-4b2e-4bb9-b42f-5f0a00066307	LT0010_27/LT0010_27_173_83.tif	Not Polylobed	CP	0.1	0.6000000000000001	Polylobed	Negative_Label	0.8752442941870218
685	defefcd5-4b2e-4bb9-b42f-5f0a00066307	LT0010_27/LT0010_27_173_83.tif	Not Polylobed	CP	0.1	0.6000000000000001	Polylobed	Positive_Label	0.12475570581297821
686	defefcd5-4b2e-4bb9-b42f-5f0a00066307	LT0010_27/LT0010_27_173_83.tif	Not Prometaphase	CP	1.0	0.7000000000000001	Prometaphase	Negative_Label	0.8837526835337004
687	defefcd5-4b2e-4bb9-b42f-5f0a00066307	LT0010_27/LT0010_27_173_83.tif	Not Prometaphase	CP	1.0	0.7000000000000001	Prometaphase	Positive_Label	0.11624731646629964
688	defefcd5-4b2e-4bb9-b42f-5f0a00066307	LT0010_27/LT0010_27_173_83.tif	Not SmallIrregular	CP	1.0	0.8	SmallIrregular	Negative_Label	0.5938320160795285
689	defefcd5-4b2e-4bb9-b42f-5f0a00066307	LT0010_27/LT0010_27_173_83.tif	Not SmallIrregular	CP	1.0	0.8	SmallIrregular	Positive_Label	0.4061679839204715
690	f74ce97f-5862-419b-a9a8-44ad53d332a2	LT0010_27/LT0010_27_173_83.tif	Not ADCCM	CP	0.01	0.2	ADCCM	Negative_Label	0.7150656843456134
691	f74ce97f-5862-419b-a9a8-44ad53d332a2	LT0010_27/LT0010_27_173_83.tif	Not ADCCM	CP	0.01	0.2	ADCCM	Positive_Label	0.28493431565438665
692	f74ce97f-5862-419b-a9a8-44ad53d332a2	LT0010_27/LT0010_27_173_83.tif	Not Anaphase	CP	0.01	0.0	Anaphase	Negative_Label	0.8321539985217034
693	f74ce97f-5862-419b-a9a8-44ad53d332a2	LT0010_27/LT0010_27_173_83.tif	Not Anaphase	CP	0.01	0.0	Anaphase	Positive_Label	0.16784600147829665
694	f74ce97f-5862-419b-a9a8-44ad53d332a2	LT0010_27/LT0010_27_173_83.tif	Not Apoptosis	CP	0.01	0.1	Apoptosis	Negative_Label	0.9331497411469801
695	f74ce97f-5862-419b-a9a8-44ad53d332a2	LT0010_27/LT0010_27_173_83.tif	Not Apoptosis	CP	0.01	0.1	Apoptosis	Positive_Label	0.06685025885301987
696	f74ce97f-5862-419b-a9a8-44ad53d332a2	LT0010_27/LT0010_27_173_83.tif	Not Binuclear	CP	0.1	0.0	Binuclear	Negative_Label	0.7044133495174353
697	f74ce97f-5862-419b-a9a8-44ad53d332a2	LT0010_27/LT0010_27_173_83.tif	Not Binuclear	CP	0.1	0.0	Binuclear	Positive_Label	0.2955866504825647
698	f74ce97f-5862-419b-a9a8-44ad53d332a2	LT0010_27/LT0010_27_173_83.tif	Elongated	CP	0.1	0.1	Elongated	Negative_Label	0.8346891710063877
699	f74ce97f-5862-419b-a9a8-44ad53d332a2	LT0010_27/LT0010_27_173_83.tif	Elongated	CP	0.1	0.1	Elongated	Positive_Label	0.16531082899361227
700	f74ce97f-5862-419b-a9a8-44ad53d332a2	LT0010_27/LT0010_27_173_83.tif	Not Grape	CP	0.01	0.0	Grape	Negative_Label	0.6483361811322929
701	f74ce97f-5862-419b-a9a8-44ad53d332a2	LT0010_27/LT0010_27_173_83.tif	Not Grape	CP	0.01	0.0	Grape	Positive_Label	0.35166381886770715
702	f74ce97f-5862-419b-a9a8-44ad53d332a2	LT0010_27/LT0010_27_173_83.tif	Not Hole	CP	0.01	0.1	Hole	Negative_Label	0.8385904671584933
703	f74ce97f-5862-419b-a9a8-44ad53d332a2	LT0010_27/LT0010_27_173_83.tif	Not Hole	CP	0.01	0.1	Hole	Positive_Label	0.16140953284150672
704	f74ce97f-5862-419b-a9a8-44ad53d332a2	LT0010_27/LT0010_27_173_83.tif	Not Interphase	CP	1.0	0.0	Interphase	Negative_Label	0.03023746376080335
705	f74ce97f-5862-419b-a9a8-44ad53d332a2	LT0010_27/LT0010_27_173_83.tif	Not Interphase	CP	1.0	0.0	Interphase	Positive_Label	0.9697625362391966
706	f74ce97f-5862-419b-a9a8-44ad53d332a2	LT0010_27/LT0010_27_173_83.tif	Not Large	CP	0.01	0.1	Large	Negative_Label	0.4095306834457567
707	f74ce97f-5862-419b-a9a8-44ad53d332a2	LT0010_27/LT0010_27_173_83.tif	Not Large	CP	0.01	0.1	Large	Positive_Label	0.5904693165542433
708	f74ce97f-5862-419b-a9a8-44ad53d332a2	LT0010_27/LT0010_27_173_83.tif	Not Metaphase	CP	0.1	0.2	Metaphase	Negative_Label	0.5456346605383353
709	f74ce97f-5862-419b-a9a8-44ad53d332a2	LT0010_27/LT0010_27_173_83.tif	Not Metaphase	CP	0.1	0.2	Metaphase	Positive_Label	0.4543653394616647
710	f74ce97f-5862-419b-a9a8-44ad53d332a2	LT0010_27/LT0010_27_173_83.tif	Not MetaphaseAlignment	CP	0.1	0.5	MetaphaseAlignment	Negative_Label	0.7366842444814814
711	f74ce97f-5862-419b-a9a8-44ad53d332a2	LT0010_27/LT0010_27_173_83.tif	Not MetaphaseAlignment	CP	0.1	0.5	MetaphaseAlignment	Positive_Label	0.2633157555185186
712	f74ce97f-5862-419b-a9a8-44ad53d332a2	LT0010_27/LT0010_27_173_83.tif	Not OutOfFocus	CP	0.1	0.1	OutOfFocus	Negative_Label	0.4615400540852054
713	f74ce97f-5862-419b-a9a8-44ad53d332a2	LT0010_27/LT0010_27_173_83.tif	Not OutOfFocus	CP	0.1	0.1	OutOfFocus	Positive_Label	0.5384599459147946
714	f74ce97f-5862-419b-a9a8-44ad53d332a2	LT0010_27/LT0010_27_173_83.tif	Not Polylobed	CP	0.1	0.6000000000000001	Polylobed	Negative_Label	0.5773528090738053
715	f74ce97f-5862-419b-a9a8-44ad53d332a2	LT0010_27/LT0010_27_173_83.tif	Not Polylobed	CP	0.1	0.6000000000000001	Polylobed	Positive_Label	0.42264719092619474
716	f74ce97f-5862-419b-a9a8-44ad53d332a2	LT0010_27/LT0010_27_173_83.tif	Not Prometaphase	CP	1.0	0.7000000000000001	Prometaphase	Negative_Label	0.967571859286008
717	f74ce97f-5862-419b-a9a8-44ad53d332a2	LT0010_27/LT0010_27_173_83.tif	Not Prometaphase	CP	1.0	0.7000000000000001	Prometaphase	Positive_Label	0.03242814071399203
718	f74ce97f-5862-419b-a9a8-44ad53d332a2	LT0010_27/LT0010_27_173_83.tif	Not SmallIrregular	CP	1.0	0.8	SmallIrregular	Negative_Label	0.9914483862885405
719	f74ce97f-5862-419b-a9a8-44ad53d332a2	LT0010_27/LT0010_27_173_83.tif	Not SmallIrregular	CP	1.0	0.8	SmallIrregular	Positive_Label	0.008551613711459492
720	009a4190-7583-4821-9a17-737f0485d252	LT0010_27/LT0010_27_173_83.tif	Not ADCCM	CP_and_DP	1.0	0.30000000000000004	ADCCM	Negative_Label	0.9986236488231249
721	009a4190-7583-4821-9a17-737f0485d252	LT0010_27/LT0010_27_173_83.tif	Not ADCCM	CP_and_DP	1.0	0.30000000000000004	ADCCM	Positive_Label	0.001376351176875068
722	009a4190-7583-4821-9a17-737f0485d252	LT0010_27/LT0010_27_173_83.tif	Not Anaphase	CP_and_DP	0.1	0.8	Anaphase	Negative_Label	0.5414104547711878
723	009a4190-7583-4821-9a17-737f0485d252	LT0010_27/LT0010_27_173_83.tif	Not Anaphase	CP_and_DP	0.1	0.8	Anaphase	Positive_Label	0.45858954522881223
724	009a4190-7583-4821-9a17-737f0485d252	LT0010_27/LT0010_27_173_83.tif	Not Apoptosis	CP_and_DP	0.1	0.2	Apoptosis	Negative_Label	0.9988788888215787
725	009a4190-7583-4821-9a17-737f0485d252	LT0010_27/LT0010_27_173_83.tif	Not Apoptosis	CP_and_DP	0.1	0.2	Apoptosis	Positive_Label	0.0011211111784212857
726	009a4190-7583-4821-9a17-737f0485d252	LT0010_27/LT0010_27_173_83.tif	Not Binuclear	CP_and_DP	0.1	0.1	Binuclear	Negative_Label	0.9998834718087785
727	009a4190-7583-4821-9a17-737f0485d252	LT0010_27/LT0010_27_173_83.tif	Not Binuclear	CP_and_DP	0.1	0.1	Binuclear	Positive_Label	0.00011652819122154323
728	009a4190-7583-4821-9a17-737f0485d252	LT0010_27/LT0010_27_173_83.tif	Elongated	CP_and_DP	0.1	0.8	Elongated	Negative_Label	0.017238729622362052
729	009a4190-7583-4821-9a17-737f0485d252	LT0010_27/LT0010_27_173_83.tif	Elongated	CP_and_DP	0.1	0.8	Elongated	Positive_Label	0.9827612703776379
730	009a4190-7583-4821-9a17-737f0485d252	LT0010_27/LT0010_27_173_83.tif	Not Grape	CP_and_DP	0.01	0.2	Grape	Negative_Label	0.60790162000046
731	009a4190-7583-4821-9a17-737f0485d252	LT0010_27/LT0010_27_173_83.tif	Not Grape	CP_and_DP	0.01	0.2	Grape	Positive_Label	0.39209837999954
732	009a4190-7583-4821-9a17-737f0485d252	LT0010_27/LT0010_27_173_83.tif	Not Hole	CP_and_DP	1.0	0.4	Hole	Negative_Label	0.9450460716007805
733	009a4190-7583-4821-9a17-737f0485d252	LT0010_27/LT0010_27_173_83.tif	Not Hole	CP_and_DP	1.0	0.4	Hole	Positive_Label	0.05495392839921953
734	009a4190-7583-4821-9a17-737f0485d252	LT0010_27/LT0010_27_173_83.tif	Not Interphase	CP_and_DP	0.1	1.0	Interphase	Negative_Label	0.8563481559834417
735	009a4190-7583-4821-9a17-737f0485d252	LT0010_27/LT0010_27_173_83.tif	Not Interphase	CP_and_DP	0.1	1.0	Interphase	Positive_Label	0.14365184401655828
736	009a4190-7583-4821-9a17-737f0485d252	LT0010_27/LT0010_27_173_83.tif	Not Large	CP_and_DP	0.1	0.0	Large	Negative_Label	0.8886259791563716
737	009a4190-7583-4821-9a17-737f0485d252	LT0010_27/LT0010_27_173_83.tif	Not Large	CP_and_DP	0.1	0.0	Large	Positive_Label	0.11137402084362835
738	009a4190-7583-4821-9a17-737f0485d252	LT0010_27/LT0010_27_173_83.tif	Not Metaphase	CP_and_DP	0.1	0.2	Metaphase	Negative_Label	0.669443659352631
739	009a4190-7583-4821-9a17-737f0485d252	LT0010_27/LT0010_27_173_83.tif	Not Metaphase	CP_and_DP	0.1	0.2	Metaphase	Positive_Label	0.33055634064736905
740	009a4190-7583-4821-9a17-737f0485d252	LT0010_27/LT0010_27_173_83.tif	Not MetaphaseAlignment	CP_and_DP	0.1	0.9	MetaphaseAlignment	Negative_Label	0.9716176483290775
741	009a4190-7583-4821-9a17-737f0485d252	LT0010_27/LT0010_27_173_83.tif	Not MetaphaseAlignment	CP_and_DP	0.1	0.9	MetaphaseAlignment	Positive_Label	0.028382351670922512
742	009a4190-7583-4821-9a17-737f0485d252	LT0010_27/LT0010_27_173_83.tif	Not OutOfFocus	CP_and_DP	0.001	0.1	OutOfFocus	Negative_Label	0.7231501463713973
743	009a4190-7583-4821-9a17-737f0485d252	LT0010_27/LT0010_27_173_83.tif	Not OutOfFocus	CP_and_DP	0.001	0.1	OutOfFocus	Positive_Label	0.2768498536286027
744	009a4190-7583-4821-9a17-737f0485d252	LT0010_27/LT0010_27_173_83.tif	Not Polylobed	CP_and_DP	0.01	0.7000000000000001	Polylobed	Negative_Label	0.7598788594471075
745	009a4190-7583-4821-9a17-737f0485d252	LT0010_27/LT0010_27_173_83.tif	Not Polylobed	CP_and_DP	0.01	0.7000000000000001	Polylobed	Positive_Label	0.24012114055289246
746	009a4190-7583-4821-9a17-737f0485d252	LT0010_27/LT0010_27_173_83.tif	Not Prometaphase	CP_and_DP	0.1	0.5	Prometaphase	Negative_Label	0.9974031003040296
747	009a4190-7583-4821-9a17-737f0485d252	LT0010_27/LT0010_27_173_83.tif	Not Prometaphase	CP_and_DP	0.1	0.5	Prometaphase	Positive_Label	0.002596899695970455
748	009a4190-7583-4821-9a17-737f0485d252	LT0010_27/LT0010_27_173_83.tif	Not SmallIrregular	CP_and_DP	0.01	0.0	SmallIrregular	Negative_Label	0.9657818509139613
749	009a4190-7583-4821-9a17-737f0485d252	LT0010_27/LT0010_27_173_83.tif	Not SmallIrregular	CP_and_DP	0.01	0.0	SmallIrregular	Positive_Label	0.034218149086038756
750	10632c54-fb51-40b2-8464-953b771f1738	LT0010_27/LT0010_27_173_83.tif	Not ADCCM	CP_and_DP	1.0	0.30000000000000004	ADCCM	Negative_Label	0.9410158639618997
751	10632c54-fb51-40b2-8464-953b771f1738	LT0010_27/LT0010_27_173_83.tif	Not ADCCM	CP_and_DP	1.0	0.30000000000000004	ADCCM	Positive_Label	0.058984136038100266
752	10632c54-fb51-40b2-8464-953b771f1738	LT0010_27/LT0010_27_173_83.tif	Not Anaphase	CP_and_DP	0.1	0.8	Anaphase	Negative_Label	0.3377219228434694
753	10632c54-fb51-40b2-8464-953b771f1738	LT0010_27/LT0010_27_173_83.tif	Not Anaphase	CP_and_DP	0.1	0.8	Anaphase	Positive_Label	0.6622780771565306
754	10632c54-fb51-40b2-8464-953b771f1738	LT0010_27/LT0010_27_173_83.tif	Not Apoptosis	CP_and_DP	0.1	0.2	Apoptosis	Negative_Label	0.988396427514258
755	10632c54-fb51-40b2-8464-953b771f1738	LT0010_27/LT0010_27_173_83.tif	Not Apoptosis	CP_and_DP	0.1	0.2	Apoptosis	Positive_Label	0.011603572485741953
756	10632c54-fb51-40b2-8464-953b771f1738	LT0010_27/LT0010_27_173_83.tif	Not Binuclear	CP_and_DP	0.1	0.1	Binuclear	Negative_Label	0.9991878868378423
757	10632c54-fb51-40b2-8464-953b771f1738	LT0010_27/LT0010_27_173_83.tif	Not Binuclear	CP_and_DP	0.1	0.1	Binuclear	Positive_Label	0.0008121131621576794
758	10632c54-fb51-40b2-8464-953b771f1738	LT0010_27/LT0010_27_173_83.tif	Elongated	CP_and_DP	0.1	0.8	Elongated	Negative_Label	0.554815617397598
759	10632c54-fb51-40b2-8464-953b771f1738	LT0010_27/LT0010_27_173_83.tif	Elongated	CP_and_DP	0.1	0.8	Elongated	Positive_Label	0.445184382602402
760	10632c54-fb51-40b2-8464-953b771f1738	LT0010_27/LT0010_27_173_83.tif	Not Grape	CP_and_DP	0.01	0.2	Grape	Negative_Label	0.7181382841976424
761	10632c54-fb51-40b2-8464-953b771f1738	LT0010_27/LT0010_27_173_83.tif	Not Grape	CP_and_DP	0.01	0.2	Grape	Positive_Label	0.28186171580235764
762	10632c54-fb51-40b2-8464-953b771f1738	LT0010_27/LT0010_27_173_83.tif	Not Hole	CP_and_DP	1.0	0.4	Hole	Negative_Label	0.9686278938205436
763	10632c54-fb51-40b2-8464-953b771f1738	LT0010_27/LT0010_27_173_83.tif	Not Hole	CP_and_DP	1.0	0.4	Hole	Positive_Label	0.031372106179456405
764	10632c54-fb51-40b2-8464-953b771f1738	LT0010_27/LT0010_27_173_83.tif	Not Interphase	CP_and_DP	0.1	1.0	Interphase	Negative_Label	0.4530298170045103
765	10632c54-fb51-40b2-8464-953b771f1738	LT0010_27/LT0010_27_173_83.tif	Not Interphase	CP_and_DP	0.1	1.0	Interphase	Positive_Label	0.5469701829954897
766	10632c54-fb51-40b2-8464-953b771f1738	LT0010_27/LT0010_27_173_83.tif	Not Large	CP_and_DP	0.1	0.0	Large	Negative_Label	0.9785263510656923
767	10632c54-fb51-40b2-8464-953b771f1738	LT0010_27/LT0010_27_173_83.tif	Not Large	CP_and_DP	0.1	0.0	Large	Positive_Label	0.0214736489343077
768	10632c54-fb51-40b2-8464-953b771f1738	LT0010_27/LT0010_27_173_83.tif	Not Metaphase	CP_and_DP	0.1	0.2	Metaphase	Negative_Label	0.20470323327980455
769	10632c54-fb51-40b2-8464-953b771f1738	LT0010_27/LT0010_27_173_83.tif	Not Metaphase	CP_and_DP	0.1	0.2	Metaphase	Positive_Label	0.7952967667201954
770	10632c54-fb51-40b2-8464-953b771f1738	LT0010_27/LT0010_27_173_83.tif	Not MetaphaseAlignment	CP_and_DP	0.1	0.9	MetaphaseAlignment	Negative_Label	0.6182503136881697
771	10632c54-fb51-40b2-8464-953b771f1738	LT0010_27/LT0010_27_173_83.tif	Not MetaphaseAlignment	CP_and_DP	0.1	0.9	MetaphaseAlignment	Positive_Label	0.38174968631183026
772	10632c54-fb51-40b2-8464-953b771f1738	LT0010_27/LT0010_27_173_83.tif	Not OutOfFocus	CP_and_DP	0.001	0.1	OutOfFocus	Negative_Label	0.7186343638630164
773	10632c54-fb51-40b2-8464-953b771f1738	LT0010_27/LT0010_27_173_83.tif	Not OutOfFocus	CP_and_DP	0.001	0.1	OutOfFocus	Positive_Label	0.2813656361369837
774	10632c54-fb51-40b2-8464-953b771f1738	LT0010_27/LT0010_27_173_83.tif	Not Polylobed	CP_and_DP	0.01	0.7000000000000001	Polylobed	Negative_Label	0.7958173494375215
775	10632c54-fb51-40b2-8464-953b771f1738	LT0010_27/LT0010_27_173_83.tif	Not Polylobed	CP_and_DP	0.01	0.7000000000000001	Polylobed	Positive_Label	0.20418265056247856
776	10632c54-fb51-40b2-8464-953b771f1738	LT0010_27/LT0010_27_173_83.tif	Not Prometaphase	CP_and_DP	0.1	0.5	Prometaphase	Negative_Label	0.9449618379950941
777	10632c54-fb51-40b2-8464-953b771f1738	LT0010_27/LT0010_27_173_83.tif	Not Prometaphase	CP_and_DP	0.1	0.5	Prometaphase	Positive_Label	0.05503816200490581
778	10632c54-fb51-40b2-8464-953b771f1738	LT0010_27/LT0010_27_173_83.tif	Not SmallIrregular	CP_and_DP	0.01	0.0	SmallIrregular	Negative_Label	0.6609920798878615
779	10632c54-fb51-40b2-8464-953b771f1738	LT0010_27/LT0010_27_173_83.tif	Not SmallIrregular	CP_and_DP	0.01	0.0	SmallIrregular	Positive_Label	0.33900792011213854
780	109cd0a6-97dd-4c77-9de0-7cc1b084aaf2	LT0010_27/LT0010_27_173_83.tif	Not ADCCM	CP_and_DP	1.0	0.30000000000000004	ADCCM	Negative_Label	0.9559345627339616
781	109cd0a6-97dd-4c77-9de0-7cc1b084aaf2	LT0010_27/LT0010_27_173_83.tif	Not ADCCM	CP_and_DP	1.0	0.30000000000000004	ADCCM	Positive_Label	0.0440654372660384
782	109cd0a6-97dd-4c77-9de0-7cc1b084aaf2	LT0010_27/LT0010_27_173_83.tif	Not Anaphase	CP_and_DP	0.1	0.8	Anaphase	Negative_Label	0.47623406113379224
783	109cd0a6-97dd-4c77-9de0-7cc1b084aaf2	LT0010_27/LT0010_27_173_83.tif	Not Anaphase	CP_and_DP	0.1	0.8	Anaphase	Positive_Label	0.5237659388662077
784	109cd0a6-97dd-4c77-9de0-7cc1b084aaf2	LT0010_27/LT0010_27_173_83.tif	Not Apoptosis	CP_and_DP	0.1	0.2	Apoptosis	Negative_Label	0.9686759396979543
785	109cd0a6-97dd-4c77-9de0-7cc1b084aaf2	LT0010_27/LT0010_27_173_83.tif	Not Apoptosis	CP_and_DP	0.1	0.2	Apoptosis	Positive_Label	0.03132406030204571
786	109cd0a6-97dd-4c77-9de0-7cc1b084aaf2	LT0010_27/LT0010_27_173_83.tif	Not Binuclear	CP_and_DP	0.1	0.1	Binuclear	Negative_Label	0.9997967087779132
787	109cd0a6-97dd-4c77-9de0-7cc1b084aaf2	LT0010_27/LT0010_27_173_83.tif	Not Binuclear	CP_and_DP	0.1	0.1	Binuclear	Positive_Label	0.00020329122208684325
788	109cd0a6-97dd-4c77-9de0-7cc1b084aaf2	LT0010_27/LT0010_27_173_83.tif	Elongated	CP_and_DP	0.1	0.8	Elongated	Negative_Label	0.40540796895534437
789	109cd0a6-97dd-4c77-9de0-7cc1b084aaf2	LT0010_27/LT0010_27_173_83.tif	Elongated	CP_and_DP	0.1	0.8	Elongated	Positive_Label	0.5945920310446556
790	109cd0a6-97dd-4c77-9de0-7cc1b084aaf2	LT0010_27/LT0010_27_173_83.tif	Not Grape	CP_and_DP	0.01	0.2	Grape	Negative_Label	0.6629741045718022
791	109cd0a6-97dd-4c77-9de0-7cc1b084aaf2	LT0010_27/LT0010_27_173_83.tif	Not Grape	CP_and_DP	0.01	0.2	Grape	Positive_Label	0.33702589542819783
792	109cd0a6-97dd-4c77-9de0-7cc1b084aaf2	LT0010_27/LT0010_27_173_83.tif	Not Hole	CP_and_DP	1.0	0.4	Hole	Negative_Label	0.09481918189357423
793	109cd0a6-97dd-4c77-9de0-7cc1b084aaf2	LT0010_27/LT0010_27_173_83.tif	Not Hole	CP_and_DP	1.0	0.4	Hole	Positive_Label	0.9051808181064258
794	109cd0a6-97dd-4c77-9de0-7cc1b084aaf2	LT0010_27/LT0010_27_173_83.tif	Not Interphase	CP_and_DP	0.1	1.0	Interphase	Negative_Label	0.7208522493005245
795	109cd0a6-97dd-4c77-9de0-7cc1b084aaf2	LT0010_27/LT0010_27_173_83.tif	Not Interphase	CP_and_DP	0.1	1.0	Interphase	Positive_Label	0.2791477506994755
796	109cd0a6-97dd-4c77-9de0-7cc1b084aaf2	LT0010_27/LT0010_27_173_83.tif	Not Large	CP_and_DP	0.1	0.0	Large	Negative_Label	0.936015623354545
797	109cd0a6-97dd-4c77-9de0-7cc1b084aaf2	LT0010_27/LT0010_27_173_83.tif	Not Large	CP_and_DP	0.1	0.0	Large	Positive_Label	0.06398437664545498
798	109cd0a6-97dd-4c77-9de0-7cc1b084aaf2	LT0010_27/LT0010_27_173_83.tif	Not Metaphase	CP_and_DP	0.1	0.2	Metaphase	Negative_Label	0.8752784502836661
799	109cd0a6-97dd-4c77-9de0-7cc1b084aaf2	LT0010_27/LT0010_27_173_83.tif	Not Metaphase	CP_and_DP	0.1	0.2	Metaphase	Positive_Label	0.12472154971633387
800	109cd0a6-97dd-4c77-9de0-7cc1b084aaf2	LT0010_27/LT0010_27_173_83.tif	Not MetaphaseAlignment	CP_and_DP	0.1	0.9	MetaphaseAlignment	Negative_Label	0.9720549566664889
801	109cd0a6-97dd-4c77-9de0-7cc1b084aaf2	LT0010_27/LT0010_27_173_83.tif	Not MetaphaseAlignment	CP_and_DP	0.1	0.9	MetaphaseAlignment	Positive_Label	0.02794504333351111
802	109cd0a6-97dd-4c77-9de0-7cc1b084aaf2	LT0010_27/LT0010_27_173_83.tif	Not OutOfFocus	CP_and_DP	0.001	0.1	OutOfFocus	Negative_Label	0.6477365515855388
803	109cd0a6-97dd-4c77-9de0-7cc1b084aaf2	LT0010_27/LT0010_27_173_83.tif	Not OutOfFocus	CP_and_DP	0.001	0.1	OutOfFocus	Positive_Label	0.3522634484144612
804	109cd0a6-97dd-4c77-9de0-7cc1b084aaf2	LT0010_27/LT0010_27_173_83.tif	Not Polylobed	CP_and_DP	0.01	0.7000000000000001	Polylobed	Negative_Label	0.843063601126589
805	109cd0a6-97dd-4c77-9de0-7cc1b084aaf2	LT0010_27/LT0010_27_173_83.tif	Not Polylobed	CP_and_DP	0.01	0.7000000000000001	Polylobed	Positive_Label	0.15693639887341107
806	109cd0a6-97dd-4c77-9de0-7cc1b084aaf2	LT0010_27/LT0010_27_173_83.tif	Not Prometaphase	CP_and_DP	0.1	0.5	Prometaphase	Negative_Label	0.994161543334806
807	109cd0a6-97dd-4c77-9de0-7cc1b084aaf2	LT0010_27/LT0010_27_173_83.tif	Not Prometaphase	CP_and_DP	0.1	0.5	Prometaphase	Positive_Label	0.0058384566651940115
808	109cd0a6-97dd-4c77-9de0-7cc1b084aaf2	LT0010_27/LT0010_27_173_83.tif	Not SmallIrregular	CP_and_DP	0.01	0.0	SmallIrregular	Negative_Label	0.0728255590801028
809	109cd0a6-97dd-4c77-9de0-7cc1b084aaf2	LT0010_27/LT0010_27_173_83.tif	Not SmallIrregular	CP_and_DP	0.01	0.0	SmallIrregular	Positive_Label	0.9271744409198972
810	14971efd-c038-4c91-8e63-e1a18f6cf414	LT0010_27/LT0010_27_173_83.tif	Not ADCCM	CP_and_DP	1.0	0.30000000000000004	ADCCM	Negative_Label	0.978930554765387
811	14971efd-c038-4c91-8e63-e1a18f6cf414	LT0010_27/LT0010_27_173_83.tif	Not ADCCM	CP_and_DP	1.0	0.30000000000000004	ADCCM	Positive_Label	0.02106944523461296
812	14971efd-c038-4c91-8e63-e1a18f6cf414	LT0010_27/LT0010_27_173_83.tif	Not Anaphase	CP_and_DP	0.1	0.8	Anaphase	Negative_Label	0.5715640598179238
813	14971efd-c038-4c91-8e63-e1a18f6cf414	LT0010_27/LT0010_27_173_83.tif	Not Anaphase	CP_and_DP	0.1	0.8	Anaphase	Positive_Label	0.4284359401820762
814	14971efd-c038-4c91-8e63-e1a18f6cf414	LT0010_27/LT0010_27_173_83.tif	Not Apoptosis	CP_and_DP	0.1	0.2	Apoptosis	Negative_Label	0.9941124471103479
815	14971efd-c038-4c91-8e63-e1a18f6cf414	LT0010_27/LT0010_27_173_83.tif	Not Apoptosis	CP_and_DP	0.1	0.2	Apoptosis	Positive_Label	0.005887552889652148
816	14971efd-c038-4c91-8e63-e1a18f6cf414	LT0010_27/LT0010_27_173_83.tif	Not Binuclear	CP_and_DP	0.1	0.1	Binuclear	Negative_Label	0.9989210448176251
817	14971efd-c038-4c91-8e63-e1a18f6cf414	LT0010_27/LT0010_27_173_83.tif	Not Binuclear	CP_and_DP	0.1	0.1	Binuclear	Positive_Label	0.0010789551823748855
818	14971efd-c038-4c91-8e63-e1a18f6cf414	LT0010_27/LT0010_27_173_83.tif	Elongated	CP_and_DP	0.1	0.8	Elongated	Negative_Label	0.03322621778261841
819	14971efd-c038-4c91-8e63-e1a18f6cf414	LT0010_27/LT0010_27_173_83.tif	Elongated	CP_and_DP	0.1	0.8	Elongated	Positive_Label	0.9667737822173816
820	14971efd-c038-4c91-8e63-e1a18f6cf414	LT0010_27/LT0010_27_173_83.tif	Not Grape	CP_and_DP	0.01	0.2	Grape	Negative_Label	0.6247357266462357
821	14971efd-c038-4c91-8e63-e1a18f6cf414	LT0010_27/LT0010_27_173_83.tif	Not Grape	CP_and_DP	0.01	0.2	Grape	Positive_Label	0.37526427335376433
822	14971efd-c038-4c91-8e63-e1a18f6cf414	LT0010_27/LT0010_27_173_83.tif	Not Hole	CP_and_DP	1.0	0.4	Hole	Negative_Label	0.9307172383188381
823	14971efd-c038-4c91-8e63-e1a18f6cf414	LT0010_27/LT0010_27_173_83.tif	Not Hole	CP_and_DP	1.0	0.4	Hole	Positive_Label	0.06928276168116188
824	14971efd-c038-4c91-8e63-e1a18f6cf414	LT0010_27/LT0010_27_173_83.tif	Not Interphase	CP_and_DP	0.1	1.0	Interphase	Negative_Label	0.638984927333196
825	14971efd-c038-4c91-8e63-e1a18f6cf414	LT0010_27/LT0010_27_173_83.tif	Not Interphase	CP_and_DP	0.1	1.0	Interphase	Positive_Label	0.361015072666804
826	14971efd-c038-4c91-8e63-e1a18f6cf414	LT0010_27/LT0010_27_173_83.tif	Not Large	CP_and_DP	0.1	0.0	Large	Negative_Label	0.9834629095648649
827	14971efd-c038-4c91-8e63-e1a18f6cf414	LT0010_27/LT0010_27_173_83.tif	Not Large	CP_and_DP	0.1	0.0	Large	Positive_Label	0.01653709043513507
828	14971efd-c038-4c91-8e63-e1a18f6cf414	LT0010_27/LT0010_27_173_83.tif	Not Metaphase	CP_and_DP	0.1	0.2	Metaphase	Negative_Label	0.7094116134993383
829	14971efd-c038-4c91-8e63-e1a18f6cf414	LT0010_27/LT0010_27_173_83.tif	Not Metaphase	CP_and_DP	0.1	0.2	Metaphase	Positive_Label	0.29058838650066166
830	14971efd-c038-4c91-8e63-e1a18f6cf414	LT0010_27/LT0010_27_173_83.tif	Not MetaphaseAlignment	CP_and_DP	0.1	0.9	MetaphaseAlignment	Negative_Label	0.9606829206150617
831	14971efd-c038-4c91-8e63-e1a18f6cf414	LT0010_27/LT0010_27_173_83.tif	Not MetaphaseAlignment	CP_and_DP	0.1	0.9	MetaphaseAlignment	Positive_Label	0.039317079384938336
832	14971efd-c038-4c91-8e63-e1a18f6cf414	LT0010_27/LT0010_27_173_83.tif	Not OutOfFocus	CP_and_DP	0.001	0.1	OutOfFocus	Negative_Label	0.7441194701878988
833	14971efd-c038-4c91-8e63-e1a18f6cf414	LT0010_27/LT0010_27_173_83.tif	Not OutOfFocus	CP_and_DP	0.001	0.1	OutOfFocus	Positive_Label	0.25588052981210113
834	14971efd-c038-4c91-8e63-e1a18f6cf414	LT0010_27/LT0010_27_173_83.tif	Not Polylobed	CP_and_DP	0.01	0.7000000000000001	Polylobed	Negative_Label	0.6971736587892314
835	14971efd-c038-4c91-8e63-e1a18f6cf414	LT0010_27/LT0010_27_173_83.tif	Not Polylobed	CP_and_DP	0.01	0.7000000000000001	Polylobed	Positive_Label	0.3028263412107685
836	14971efd-c038-4c91-8e63-e1a18f6cf414	LT0010_27/LT0010_27_173_83.tif	Not Prometaphase	CP_and_DP	0.1	0.5	Prometaphase	Negative_Label	0.9916975271161705
837	14971efd-c038-4c91-8e63-e1a18f6cf414	LT0010_27/LT0010_27_173_83.tif	Not Prometaphase	CP_and_DP	0.1	0.5	Prometaphase	Positive_Label	0.008302472883829482
838	14971efd-c038-4c91-8e63-e1a18f6cf414	LT0010_27/LT0010_27_173_83.tif	Not SmallIrregular	CP_and_DP	0.01	0.0	SmallIrregular	Negative_Label	0.7908571498049107
839	14971efd-c038-4c91-8e63-e1a18f6cf414	LT0010_27/LT0010_27_173_83.tif	Not SmallIrregular	CP_and_DP	0.01	0.0	SmallIrregular	Positive_Label	0.2091428501950893
840	21da27ab-873a-41f4-ab98-49170cae9a2d	LT0010_27/LT0010_27_173_83.tif	Not ADCCM	CP_and_DP	1.0	0.30000000000000004	ADCCM	Negative_Label	0.9827479082857317
841	21da27ab-873a-41f4-ab98-49170cae9a2d	LT0010_27/LT0010_27_173_83.tif	Not ADCCM	CP_and_DP	1.0	0.30000000000000004	ADCCM	Positive_Label	0.017252091714268336
842	21da27ab-873a-41f4-ab98-49170cae9a2d	LT0010_27/LT0010_27_173_83.tif	Not Anaphase	CP_and_DP	0.1	0.8	Anaphase	Negative_Label	0.46998552268816746
843	21da27ab-873a-41f4-ab98-49170cae9a2d	LT0010_27/LT0010_27_173_83.tif	Not Anaphase	CP_and_DP	0.1	0.8	Anaphase	Positive_Label	0.5300144773118325
844	21da27ab-873a-41f4-ab98-49170cae9a2d	LT0010_27/LT0010_27_173_83.tif	Not Apoptosis	CP_and_DP	0.1	0.2	Apoptosis	Negative_Label	0.9976903434198899
845	21da27ab-873a-41f4-ab98-49170cae9a2d	LT0010_27/LT0010_27_173_83.tif	Not Apoptosis	CP_and_DP	0.1	0.2	Apoptosis	Positive_Label	0.0023096565801100644
846	21da27ab-873a-41f4-ab98-49170cae9a2d	LT0010_27/LT0010_27_173_83.tif	Not Binuclear	CP_and_DP	0.1	0.1	Binuclear	Negative_Label	0.9997964963408452
847	21da27ab-873a-41f4-ab98-49170cae9a2d	LT0010_27/LT0010_27_173_83.tif	Not Binuclear	CP_and_DP	0.1	0.1	Binuclear	Positive_Label	0.00020350365915478008
848	21da27ab-873a-41f4-ab98-49170cae9a2d	LT0010_27/LT0010_27_173_83.tif	Not Elongated	CP_and_DP	0.1	0.8	Elongated	Negative_Label	0.06403179820268431
849	21da27ab-873a-41f4-ab98-49170cae9a2d	LT0010_27/LT0010_27_173_83.tif	Not Elongated	CP_and_DP	0.1	0.8	Elongated	Positive_Label	0.9359682017973157
850	21da27ab-873a-41f4-ab98-49170cae9a2d	LT0010_27/LT0010_27_173_83.tif	Not Grape	CP_and_DP	0.01	0.2	Grape	Negative_Label	0.6817093783023646
851	21da27ab-873a-41f4-ab98-49170cae9a2d	LT0010_27/LT0010_27_173_83.tif	Not Grape	CP_and_DP	0.01	0.2	Grape	Positive_Label	0.31829062169763545
852	21da27ab-873a-41f4-ab98-49170cae9a2d	LT0010_27/LT0010_27_173_83.tif	Not Hole	CP_and_DP	1.0	0.4	Hole	Negative_Label	0.9119386687165333
853	21da27ab-873a-41f4-ab98-49170cae9a2d	LT0010_27/LT0010_27_173_83.tif	Not Hole	CP_and_DP	1.0	0.4	Hole	Positive_Label	0.08806133128346672
854	21da27ab-873a-41f4-ab98-49170cae9a2d	LT0010_27/LT0010_27_173_83.tif	Not Interphase	CP_and_DP	0.1	1.0	Interphase	Negative_Label	0.5801139966468918
855	21da27ab-873a-41f4-ab98-49170cae9a2d	LT0010_27/LT0010_27_173_83.tif	Not Interphase	CP_and_DP	0.1	1.0	Interphase	Positive_Label	0.4198860033531082
856	21da27ab-873a-41f4-ab98-49170cae9a2d	LT0010_27/LT0010_27_173_83.tif	Large	CP_and_DP	0.1	0.0	Large	Negative_Label	0.9963325359174519
857	21da27ab-873a-41f4-ab98-49170cae9a2d	LT0010_27/LT0010_27_173_83.tif	Large	CP_and_DP	0.1	0.0	Large	Positive_Label	0.003667464082548144
858	21da27ab-873a-41f4-ab98-49170cae9a2d	LT0010_27/LT0010_27_173_83.tif	Not Metaphase	CP_and_DP	0.1	0.2	Metaphase	Negative_Label	0.4625921989594051
859	21da27ab-873a-41f4-ab98-49170cae9a2d	LT0010_27/LT0010_27_173_83.tif	Not Metaphase	CP_and_DP	0.1	0.2	Metaphase	Positive_Label	0.5374078010405949
860	21da27ab-873a-41f4-ab98-49170cae9a2d	LT0010_27/LT0010_27_173_83.tif	Not MetaphaseAlignment	CP_and_DP	0.1	0.9	MetaphaseAlignment	Negative_Label	0.9295340593827395
861	21da27ab-873a-41f4-ab98-49170cae9a2d	LT0010_27/LT0010_27_173_83.tif	Not MetaphaseAlignment	CP_and_DP	0.1	0.9	MetaphaseAlignment	Positive_Label	0.07046594061726053
862	21da27ab-873a-41f4-ab98-49170cae9a2d	LT0010_27/LT0010_27_173_83.tif	Not OutOfFocus	CP_and_DP	0.001	0.1	OutOfFocus	Negative_Label	0.6714839346059991
863	21da27ab-873a-41f4-ab98-49170cae9a2d	LT0010_27/LT0010_27_173_83.tif	Not OutOfFocus	CP_and_DP	0.001	0.1	OutOfFocus	Positive_Label	0.32851606539400097
864	21da27ab-873a-41f4-ab98-49170cae9a2d	LT0010_27/LT0010_27_173_83.tif	Not Polylobed	CP_and_DP	0.01	0.7000000000000001	Polylobed	Negative_Label	0.8043450436830426
865	21da27ab-873a-41f4-ab98-49170cae9a2d	LT0010_27/LT0010_27_173_83.tif	Not Polylobed	CP_and_DP	0.01	0.7000000000000001	Polylobed	Positive_Label	0.19565495631695742
866	21da27ab-873a-41f4-ab98-49170cae9a2d	LT0010_27/LT0010_27_173_83.tif	Not Prometaphase	CP_and_DP	0.1	0.5	Prometaphase	Negative_Label	0.9932321157853363
867	21da27ab-873a-41f4-ab98-49170cae9a2d	LT0010_27/LT0010_27_173_83.tif	Not Prometaphase	CP_and_DP	0.1	0.5	Prometaphase	Positive_Label	0.006767884214663709
868	21da27ab-873a-41f4-ab98-49170cae9a2d	LT0010_27/LT0010_27_173_83.tif	Not SmallIrregular	CP_and_DP	0.01	0.0	SmallIrregular	Negative_Label	0.945975474078866
869	21da27ab-873a-41f4-ab98-49170cae9a2d	LT0010_27/LT0010_27_173_83.tif	Not SmallIrregular	CP_and_DP	0.01	0.0	SmallIrregular	Positive_Label	0.05402452592113406
870	2b3356af-0e04-4614-824a-18a79fec4d44	LT0010_27/LT0010_27_173_83.tif	Not ADCCM	CP_and_DP	1.0	0.30000000000000004	ADCCM	Negative_Label	0.9376964287930923
871	2b3356af-0e04-4614-824a-18a79fec4d44	LT0010_27/LT0010_27_173_83.tif	Not ADCCM	CP_and_DP	1.0	0.30000000000000004	ADCCM	Positive_Label	0.06230357120690766
872	2b3356af-0e04-4614-824a-18a79fec4d44	LT0010_27/LT0010_27_173_83.tif	Not Anaphase	CP_and_DP	0.1	0.8	Anaphase	Negative_Label	0.6799300447506156
873	2b3356af-0e04-4614-824a-18a79fec4d44	LT0010_27/LT0010_27_173_83.tif	Not Anaphase	CP_and_DP	0.1	0.8	Anaphase	Positive_Label	0.3200699552493844
874	2b3356af-0e04-4614-824a-18a79fec4d44	LT0010_27/LT0010_27_173_83.tif	Not Apoptosis	CP_and_DP	0.1	0.2	Apoptosis	Negative_Label	0.9964799328717405
875	2b3356af-0e04-4614-824a-18a79fec4d44	LT0010_27/LT0010_27_173_83.tif	Not Apoptosis	CP_and_DP	0.1	0.2	Apoptosis	Positive_Label	0.003520067128259474
876	2b3356af-0e04-4614-824a-18a79fec4d44	LT0010_27/LT0010_27_173_83.tif	Not Binuclear	CP_and_DP	0.1	0.1	Binuclear	Negative_Label	0.9998945505292324
877	2b3356af-0e04-4614-824a-18a79fec4d44	LT0010_27/LT0010_27_173_83.tif	Not Binuclear	CP_and_DP	0.1	0.1	Binuclear	Positive_Label	0.00010544947076762679
878	2b3356af-0e04-4614-824a-18a79fec4d44	LT0010_27/LT0010_27_173_83.tif	Elongated	CP_and_DP	0.1	0.8	Elongated	Negative_Label	0.07332028268907455
879	2b3356af-0e04-4614-824a-18a79fec4d44	LT0010_27/LT0010_27_173_83.tif	Elongated	CP_and_DP	0.1	0.8	Elongated	Positive_Label	0.9266797173109255
880	2b3356af-0e04-4614-824a-18a79fec4d44	LT0010_27/LT0010_27_173_83.tif	Not Grape	CP_and_DP	0.01	0.2	Grape	Negative_Label	0.655969003861646
881	2b3356af-0e04-4614-824a-18a79fec4d44	LT0010_27/LT0010_27_173_83.tif	Not Grape	CP_and_DP	0.01	0.2	Grape	Positive_Label	0.344030996138354
882	2b3356af-0e04-4614-824a-18a79fec4d44	LT0010_27/LT0010_27_173_83.tif	Not Hole	CP_and_DP	1.0	0.4	Hole	Negative_Label	0.9990707497025716
883	2b3356af-0e04-4614-824a-18a79fec4d44	LT0010_27/LT0010_27_173_83.tif	Not Hole	CP_and_DP	1.0	0.4	Hole	Positive_Label	0.0009292502974284078
884	2b3356af-0e04-4614-824a-18a79fec4d44	LT0010_27/LT0010_27_173_83.tif	Not Interphase	CP_and_DP	0.1	1.0	Interphase	Negative_Label	0.8871824188094696
885	2b3356af-0e04-4614-824a-18a79fec4d44	LT0010_27/LT0010_27_173_83.tif	Not Interphase	CP_and_DP	0.1	1.0	Interphase	Positive_Label	0.11281758119053042
886	2b3356af-0e04-4614-824a-18a79fec4d44	LT0010_27/LT0010_27_173_83.tif	Not Large	CP_and_DP	0.1	0.0	Large	Negative_Label	0.9364211242357656
887	2b3356af-0e04-4614-824a-18a79fec4d44	LT0010_27/LT0010_27_173_83.tif	Not Large	CP_and_DP	0.1	0.0	Large	Positive_Label	0.06357887576423438
888	2b3356af-0e04-4614-824a-18a79fec4d44	LT0010_27/LT0010_27_173_83.tif	Not Metaphase	CP_and_DP	0.1	0.2	Metaphase	Negative_Label	0.33262092398746024
889	2b3356af-0e04-4614-824a-18a79fec4d44	LT0010_27/LT0010_27_173_83.tif	Not Metaphase	CP_and_DP	0.1	0.2	Metaphase	Positive_Label	0.6673790760125398
890	2b3356af-0e04-4614-824a-18a79fec4d44	LT0010_27/LT0010_27_173_83.tif	Not MetaphaseAlignment	CP_and_DP	0.1	0.9	MetaphaseAlignment	Negative_Label	0.6573137549422234
891	2b3356af-0e04-4614-824a-18a79fec4d44	LT0010_27/LT0010_27_173_83.tif	Not MetaphaseAlignment	CP_and_DP	0.1	0.9	MetaphaseAlignment	Positive_Label	0.34268624505777656
892	2b3356af-0e04-4614-824a-18a79fec4d44	LT0010_27/LT0010_27_173_83.tif	Not OutOfFocus	CP_and_DP	0.001	0.1	OutOfFocus	Negative_Label	0.7322685911068273
893	2b3356af-0e04-4614-824a-18a79fec4d44	LT0010_27/LT0010_27_173_83.tif	Not OutOfFocus	CP_and_DP	0.001	0.1	OutOfFocus	Positive_Label	0.2677314088931727
894	2b3356af-0e04-4614-824a-18a79fec4d44	LT0010_27/LT0010_27_173_83.tif	Not Polylobed	CP_and_DP	0.01	0.7000000000000001	Polylobed	Negative_Label	0.750269665802871
895	2b3356af-0e04-4614-824a-18a79fec4d44	LT0010_27/LT0010_27_173_83.tif	Not Polylobed	CP_and_DP	0.01	0.7000000000000001	Polylobed	Positive_Label	0.249730334197129
896	2b3356af-0e04-4614-824a-18a79fec4d44	LT0010_27/LT0010_27_173_83.tif	Not Prometaphase	CP_and_DP	0.1	0.5	Prometaphase	Negative_Label	0.9870423880763324
897	2b3356af-0e04-4614-824a-18a79fec4d44	LT0010_27/LT0010_27_173_83.tif	Not Prometaphase	CP_and_DP	0.1	0.5	Prometaphase	Positive_Label	0.012957611923667631
898	2b3356af-0e04-4614-824a-18a79fec4d44	LT0010_27/LT0010_27_173_83.tif	Not SmallIrregular	CP_and_DP	0.01	0.0	SmallIrregular	Negative_Label	0.6769821940991927
899	2b3356af-0e04-4614-824a-18a79fec4d44	LT0010_27/LT0010_27_173_83.tif	Not SmallIrregular	CP_and_DP	0.01	0.0	SmallIrregular	Positive_Label	0.32301780590080736
900	372c1123-1445-4149-a509-04fcf1358abd	LT0010_27/LT0010_27_173_83.tif	Not ADCCM	CP_and_DP	1.0	0.30000000000000004	ADCCM	Negative_Label	0.9999034611722198
901	372c1123-1445-4149-a509-04fcf1358abd	LT0010_27/LT0010_27_173_83.tif	Not ADCCM	CP_and_DP	1.0	0.30000000000000004	ADCCM	Positive_Label	9.65388277801571e-05
902	372c1123-1445-4149-a509-04fcf1358abd	LT0010_27/LT0010_27_173_83.tif	Not Anaphase	CP_and_DP	0.1	0.8	Anaphase	Negative_Label	0.8453981518764276
903	372c1123-1445-4149-a509-04fcf1358abd	LT0010_27/LT0010_27_173_83.tif	Not Anaphase	CP_and_DP	0.1	0.8	Anaphase	Positive_Label	0.15460184812357236
904	372c1123-1445-4149-a509-04fcf1358abd	LT0010_27/LT0010_27_173_83.tif	Not Apoptosis	CP_and_DP	0.1	0.2	Apoptosis	Negative_Label	0.9968122535148236
905	372c1123-1445-4149-a509-04fcf1358abd	LT0010_27/LT0010_27_173_83.tif	Not Apoptosis	CP_and_DP	0.1	0.2	Apoptosis	Positive_Label	0.0031877464851763904
906	372c1123-1445-4149-a509-04fcf1358abd	LT0010_27/LT0010_27_173_83.tif	Not Binuclear	CP_and_DP	0.1	0.1	Binuclear	Negative_Label	0.7046201292657865
907	372c1123-1445-4149-a509-04fcf1358abd	LT0010_27/LT0010_27_173_83.tif	Not Binuclear	CP_and_DP	0.1	0.1	Binuclear	Positive_Label	0.29537987073421346
908	372c1123-1445-4149-a509-04fcf1358abd	LT0010_27/LT0010_27_173_83.tif	Elongated	CP_and_DP	0.1	0.8	Elongated	Negative_Label	0.5164720073849189
909	372c1123-1445-4149-a509-04fcf1358abd	LT0010_27/LT0010_27_173_83.tif	Elongated	CP_and_DP	0.1	0.8	Elongated	Positive_Label	0.48352799261508106
910	372c1123-1445-4149-a509-04fcf1358abd	LT0010_27/LT0010_27_173_83.tif	Not Grape	CP_and_DP	0.01	0.2	Grape	Negative_Label	0.5426481152845829
911	372c1123-1445-4149-a509-04fcf1358abd	LT0010_27/LT0010_27_173_83.tif	Not Grape	CP_and_DP	0.01	0.2	Grape	Positive_Label	0.4573518847154171
912	372c1123-1445-4149-a509-04fcf1358abd	LT0010_27/LT0010_27_173_83.tif	Not Hole	CP_and_DP	1.0	0.4	Hole	Negative_Label	0.9882054449500567
913	372c1123-1445-4149-a509-04fcf1358abd	LT0010_27/LT0010_27_173_83.tif	Not Hole	CP_and_DP	1.0	0.4	Hole	Positive_Label	0.011794555049943312
914	372c1123-1445-4149-a509-04fcf1358abd	LT0010_27/LT0010_27_173_83.tif	Not Interphase	CP_and_DP	0.1	1.0	Interphase	Negative_Label	0.3772415604225746
915	372c1123-1445-4149-a509-04fcf1358abd	LT0010_27/LT0010_27_173_83.tif	Not Interphase	CP_and_DP	0.1	1.0	Interphase	Positive_Label	0.6227584395774254
916	372c1123-1445-4149-a509-04fcf1358abd	LT0010_27/LT0010_27_173_83.tif	Not Large	CP_and_DP	0.1	0.0	Large	Negative_Label	0.0034864816440540944
917	372c1123-1445-4149-a509-04fcf1358abd	LT0010_27/LT0010_27_173_83.tif	Not Large	CP_and_DP	0.1	0.0	Large	Positive_Label	0.9965135183559459
918	372c1123-1445-4149-a509-04fcf1358abd	LT0010_27/LT0010_27_173_83.tif	Not Metaphase	CP_and_DP	0.1	0.2	Metaphase	Negative_Label	0.9607541029179322
919	372c1123-1445-4149-a509-04fcf1358abd	LT0010_27/LT0010_27_173_83.tif	Not Metaphase	CP_and_DP	0.1	0.2	Metaphase	Positive_Label	0.03924589708206783
920	372c1123-1445-4149-a509-04fcf1358abd	LT0010_27/LT0010_27_173_83.tif	Not MetaphaseAlignment	CP_and_DP	0.1	0.9	MetaphaseAlignment	Negative_Label	0.9573258096181346
921	372c1123-1445-4149-a509-04fcf1358abd	LT0010_27/LT0010_27_173_83.tif	Not MetaphaseAlignment	CP_and_DP	0.1	0.9	MetaphaseAlignment	Positive_Label	0.04267419038186537
922	372c1123-1445-4149-a509-04fcf1358abd	LT0010_27/LT0010_27_173_83.tif	Not OutOfFocus	CP_and_DP	0.001	0.1	OutOfFocus	Negative_Label	0.7409462903825141
923	372c1123-1445-4149-a509-04fcf1358abd	LT0010_27/LT0010_27_173_83.tif	Not OutOfFocus	CP_and_DP	0.001	0.1	OutOfFocus	Positive_Label	0.2590537096174859
924	372c1123-1445-4149-a509-04fcf1358abd	LT0010_27/LT0010_27_173_83.tif	Not Polylobed	CP_and_DP	0.01	0.7000000000000001	Polylobed	Negative_Label	0.6422659316569999
925	372c1123-1445-4149-a509-04fcf1358abd	LT0010_27/LT0010_27_173_83.tif	Not Polylobed	CP_and_DP	0.01	0.7000000000000001	Polylobed	Positive_Label	0.35773406834300014
926	372c1123-1445-4149-a509-04fcf1358abd	LT0010_27/LT0010_27_173_83.tif	Not Prometaphase	CP_and_DP	0.1	0.5	Prometaphase	Negative_Label	0.9919703227214012
927	372c1123-1445-4149-a509-04fcf1358abd	LT0010_27/LT0010_27_173_83.tif	Not Prometaphase	CP_and_DP	0.1	0.5	Prometaphase	Positive_Label	0.008029677278598768
928	372c1123-1445-4149-a509-04fcf1358abd	LT0010_27/LT0010_27_173_83.tif	Not SmallIrregular	CP_and_DP	0.01	0.0	SmallIrregular	Negative_Label	0.9822416834430078
929	372c1123-1445-4149-a509-04fcf1358abd	LT0010_27/LT0010_27_173_83.tif	Not SmallIrregular	CP_and_DP	0.01	0.0	SmallIrregular	Positive_Label	0.017758316556992216
930	465028c5-2309-40ac-ae2f-edaf1add933c	LT0010_27/LT0010_27_173_83.tif	Not ADCCM	CP_and_DP	1.0	0.30000000000000004	ADCCM	Negative_Label	0.7986036519727859
931	465028c5-2309-40ac-ae2f-edaf1add933c	LT0010_27/LT0010_27_173_83.tif	Not ADCCM	CP_and_DP	1.0	0.30000000000000004	ADCCM	Positive_Label	0.20139634802721407
932	465028c5-2309-40ac-ae2f-edaf1add933c	LT0010_27/LT0010_27_173_83.tif	Not Anaphase	CP_and_DP	0.1	0.8	Anaphase	Negative_Label	0.4934718372298822
933	465028c5-2309-40ac-ae2f-edaf1add933c	LT0010_27/LT0010_27_173_83.tif	Not Anaphase	CP_and_DP	0.1	0.8	Anaphase	Positive_Label	0.5065281627701178
934	465028c5-2309-40ac-ae2f-edaf1add933c	LT0010_27/LT0010_27_173_83.tif	Not Apoptosis	CP_and_DP	0.1	0.2	Apoptosis	Negative_Label	0.9851138930121996
935	465028c5-2309-40ac-ae2f-edaf1add933c	LT0010_27/LT0010_27_173_83.tif	Not Apoptosis	CP_and_DP	0.1	0.2	Apoptosis	Positive_Label	0.014886106987800352
936	465028c5-2309-40ac-ae2f-edaf1add933c	LT0010_27/LT0010_27_173_83.tif	Not Binuclear	CP_and_DP	0.1	0.1	Binuclear	Negative_Label	0.9628881513701646
937	465028c5-2309-40ac-ae2f-edaf1add933c	LT0010_27/LT0010_27_173_83.tif	Not Binuclear	CP_and_DP	0.1	0.1	Binuclear	Positive_Label	0.03711184862983541
938	465028c5-2309-40ac-ae2f-edaf1add933c	LT0010_27/LT0010_27_173_83.tif	Elongated	CP_and_DP	0.1	0.8	Elongated	Negative_Label	0.27576500312535107
939	465028c5-2309-40ac-ae2f-edaf1add933c	LT0010_27/LT0010_27_173_83.tif	Elongated	CP_and_DP	0.1	0.8	Elongated	Positive_Label	0.7242349968746489
940	465028c5-2309-40ac-ae2f-edaf1add933c	LT0010_27/LT0010_27_173_83.tif	Not Grape	CP_and_DP	0.01	0.2	Grape	Negative_Label	0.5308106800625615
941	465028c5-2309-40ac-ae2f-edaf1add933c	LT0010_27/LT0010_27_173_83.tif	Not Grape	CP_and_DP	0.01	0.2	Grape	Positive_Label	0.4691893199374385
942	465028c5-2309-40ac-ae2f-edaf1add933c	LT0010_27/LT0010_27_173_83.tif	Not Hole	CP_and_DP	1.0	0.4	Hole	Negative_Label	0.8048846988486597
943	465028c5-2309-40ac-ae2f-edaf1add933c	LT0010_27/LT0010_27_173_83.tif	Not Hole	CP_and_DP	1.0	0.4	Hole	Positive_Label	0.19511530115134035
944	465028c5-2309-40ac-ae2f-edaf1add933c	LT0010_27/LT0010_27_173_83.tif	Not Interphase	CP_and_DP	0.1	1.0	Interphase	Negative_Label	0.6053218216768224
945	465028c5-2309-40ac-ae2f-edaf1add933c	LT0010_27/LT0010_27_173_83.tif	Not Interphase	CP_and_DP	0.1	1.0	Interphase	Positive_Label	0.39467817832317764
946	465028c5-2309-40ac-ae2f-edaf1add933c	LT0010_27/LT0010_27_173_83.tif	Not Large	CP_and_DP	0.1	0.0	Large	Negative_Label	0.9533878569194636
947	465028c5-2309-40ac-ae2f-edaf1add933c	LT0010_27/LT0010_27_173_83.tif	Not Large	CP_and_DP	0.1	0.0	Large	Positive_Label	0.046612143080536406
948	465028c5-2309-40ac-ae2f-edaf1add933c	LT0010_27/LT0010_27_173_83.tif	Not Metaphase	CP_and_DP	0.1	0.2	Metaphase	Negative_Label	0.7748826214718323
949	465028c5-2309-40ac-ae2f-edaf1add933c	LT0010_27/LT0010_27_173_83.tif	Not Metaphase	CP_and_DP	0.1	0.2	Metaphase	Positive_Label	0.2251173785281677
950	465028c5-2309-40ac-ae2f-edaf1add933c	LT0010_27/LT0010_27_173_83.tif	Not MetaphaseAlignment	CP_and_DP	0.1	0.9	MetaphaseAlignment	Negative_Label	0.9447822570936666
951	465028c5-2309-40ac-ae2f-edaf1add933c	LT0010_27/LT0010_27_173_83.tif	Not MetaphaseAlignment	CP_and_DP	0.1	0.9	MetaphaseAlignment	Positive_Label	0.05521774290633341
952	465028c5-2309-40ac-ae2f-edaf1add933c	LT0010_27/LT0010_27_173_83.tif	Not OutOfFocus	CP_and_DP	0.001	0.1	OutOfFocus	Negative_Label	0.6491723048207036
953	465028c5-2309-40ac-ae2f-edaf1add933c	LT0010_27/LT0010_27_173_83.tif	Not OutOfFocus	CP_and_DP	0.001	0.1	OutOfFocus	Positive_Label	0.3508276951792963
954	465028c5-2309-40ac-ae2f-edaf1add933c	LT0010_27/LT0010_27_173_83.tif	Not Polylobed	CP_and_DP	0.01	0.7000000000000001	Polylobed	Negative_Label	0.6256884182844703
955	465028c5-2309-40ac-ae2f-edaf1add933c	LT0010_27/LT0010_27_173_83.tif	Not Polylobed	CP_and_DP	0.01	0.7000000000000001	Polylobed	Positive_Label	0.3743115817155297
956	465028c5-2309-40ac-ae2f-edaf1add933c	LT0010_27/LT0010_27_173_83.tif	Not Prometaphase	CP_and_DP	0.1	0.5	Prometaphase	Negative_Label	0.9900236367146593
957	465028c5-2309-40ac-ae2f-edaf1add933c	LT0010_27/LT0010_27_173_83.tif	Not Prometaphase	CP_and_DP	0.1	0.5	Prometaphase	Positive_Label	0.009976363285340642
958	465028c5-2309-40ac-ae2f-edaf1add933c	LT0010_27/LT0010_27_173_83.tif	Not SmallIrregular	CP_and_DP	0.01	0.0	SmallIrregular	Negative_Label	0.363188510744074
959	465028c5-2309-40ac-ae2f-edaf1add933c	LT0010_27/LT0010_27_173_83.tif	Not SmallIrregular	CP_and_DP	0.01	0.0	SmallIrregular	Positive_Label	0.636811489255926
960	5928936a-57a1-458f-b254-863b5e71d392	LT0010_27/LT0010_27_173_83.tif	Not ADCCM	CP_and_DP	1.0	0.30000000000000004	ADCCM	Negative_Label	0.975489168557877
961	5928936a-57a1-458f-b254-863b5e71d392	LT0010_27/LT0010_27_173_83.tif	Not ADCCM	CP_and_DP	1.0	0.30000000000000004	ADCCM	Positive_Label	0.02451083144212296
962	5928936a-57a1-458f-b254-863b5e71d392	LT0010_27/LT0010_27_173_83.tif	Not Anaphase	CP_and_DP	0.1	0.8	Anaphase	Negative_Label	0.4595258134618012
963	5928936a-57a1-458f-b254-863b5e71d392	LT0010_27/LT0010_27_173_83.tif	Not Anaphase	CP_and_DP	0.1	0.8	Anaphase	Positive_Label	0.5404741865381988
964	5928936a-57a1-458f-b254-863b5e71d392	LT0010_27/LT0010_27_173_83.tif	Not Apoptosis	CP_and_DP	0.1	0.2	Apoptosis	Negative_Label	0.9982788837321103
965	5928936a-57a1-458f-b254-863b5e71d392	LT0010_27/LT0010_27_173_83.tif	Not Apoptosis	CP_and_DP	0.1	0.2	Apoptosis	Positive_Label	0.001721116267889733
966	5928936a-57a1-458f-b254-863b5e71d392	LT0010_27/LT0010_27_173_83.tif	Not Binuclear	CP_and_DP	0.1	0.1	Binuclear	Negative_Label	0.999927761887073
967	5928936a-57a1-458f-b254-863b5e71d392	LT0010_27/LT0010_27_173_83.tif	Not Binuclear	CP_and_DP	0.1	0.1	Binuclear	Positive_Label	7.223811292700333e-05
968	5928936a-57a1-458f-b254-863b5e71d392	LT0010_27/LT0010_27_173_83.tif	Elongated	CP_and_DP	0.1	0.8	Elongated	Negative_Label	0.1470173959707618
969	5928936a-57a1-458f-b254-863b5e71d392	LT0010_27/LT0010_27_173_83.tif	Elongated	CP_and_DP	0.1	0.8	Elongated	Positive_Label	0.8529826040292382
970	5928936a-57a1-458f-b254-863b5e71d392	LT0010_27/LT0010_27_173_83.tif	Not Grape	CP_and_DP	0.01	0.2	Grape	Negative_Label	0.7125015742028264
971	5928936a-57a1-458f-b254-863b5e71d392	LT0010_27/LT0010_27_173_83.tif	Not Grape	CP_and_DP	0.01	0.2	Grape	Positive_Label	0.28749842579717355
972	5928936a-57a1-458f-b254-863b5e71d392	LT0010_27/LT0010_27_173_83.tif	Not Hole	CP_and_DP	1.0	0.4	Hole	Negative_Label	0.28901229632080777
973	5928936a-57a1-458f-b254-863b5e71d392	LT0010_27/LT0010_27_173_83.tif	Not Hole	CP_and_DP	1.0	0.4	Hole	Positive_Label	0.7109877036791923
974	5928936a-57a1-458f-b254-863b5e71d392	LT0010_27/LT0010_27_173_83.tif	Not Interphase	CP_and_DP	0.1	1.0	Interphase	Negative_Label	0.7045895242020227
975	5928936a-57a1-458f-b254-863b5e71d392	LT0010_27/LT0010_27_173_83.tif	Not Interphase	CP_and_DP	0.1	1.0	Interphase	Positive_Label	0.2954104757979773
976	5928936a-57a1-458f-b254-863b5e71d392	LT0010_27/LT0010_27_173_83.tif	Not Large	CP_and_DP	0.1	0.0	Large	Negative_Label	0.9938819352205802
977	5928936a-57a1-458f-b254-863b5e71d392	LT0010_27/LT0010_27_173_83.tif	Not Large	CP_and_DP	0.1	0.0	Large	Positive_Label	0.006118064779419785
978	5928936a-57a1-458f-b254-863b5e71d392	LT0010_27/LT0010_27_173_83.tif	Not Metaphase	CP_and_DP	0.1	0.2	Metaphase	Negative_Label	0.6445286258505522
979	5928936a-57a1-458f-b254-863b5e71d392	LT0010_27/LT0010_27_173_83.tif	Not Metaphase	CP_and_DP	0.1	0.2	Metaphase	Positive_Label	0.35547137414944785
980	5928936a-57a1-458f-b254-863b5e71d392	LT0010_27/LT0010_27_173_83.tif	Not MetaphaseAlignment	CP_and_DP	0.1	0.9	MetaphaseAlignment	Negative_Label	0.8480917347502296
981	5928936a-57a1-458f-b254-863b5e71d392	LT0010_27/LT0010_27_173_83.tif	Not MetaphaseAlignment	CP_and_DP	0.1	0.9	MetaphaseAlignment	Positive_Label	0.1519082652497704
982	5928936a-57a1-458f-b254-863b5e71d392	LT0010_27/LT0010_27_173_83.tif	Not OutOfFocus	CP_and_DP	0.001	0.1	OutOfFocus	Negative_Label	0.7535938031480779
983	5928936a-57a1-458f-b254-863b5e71d392	LT0010_27/LT0010_27_173_83.tif	Not OutOfFocus	CP_and_DP	0.001	0.1	OutOfFocus	Positive_Label	0.24640619685192208
984	5928936a-57a1-458f-b254-863b5e71d392	LT0010_27/LT0010_27_173_83.tif	Not Polylobed	CP_and_DP	0.01	0.7000000000000001	Polylobed	Negative_Label	0.8203013891253235
985	5928936a-57a1-458f-b254-863b5e71d392	LT0010_27/LT0010_27_173_83.tif	Not Polylobed	CP_and_DP	0.01	0.7000000000000001	Polylobed	Positive_Label	0.17969861087467656
986	5928936a-57a1-458f-b254-863b5e71d392	LT0010_27/LT0010_27_173_83.tif	Not Prometaphase	CP_and_DP	0.1	0.5	Prometaphase	Negative_Label	0.9964240561753821
987	5928936a-57a1-458f-b254-863b5e71d392	LT0010_27/LT0010_27_173_83.tif	Not Prometaphase	CP_and_DP	0.1	0.5	Prometaphase	Positive_Label	0.003575943824617852
988	5928936a-57a1-458f-b254-863b5e71d392	LT0010_27/LT0010_27_173_83.tif	Not SmallIrregular	CP_and_DP	0.01	0.0	SmallIrregular	Negative_Label	0.2911725975884898
989	5928936a-57a1-458f-b254-863b5e71d392	LT0010_27/LT0010_27_173_83.tif	Not SmallIrregular	CP_and_DP	0.01	0.0	SmallIrregular	Positive_Label	0.7088274024115102
990	5b3ef5d8-0c13-4f0a-95a5-76f40d9222d1	LT0010_27/LT0010_27_173_83.tif	Not ADCCM	CP_and_DP	1.0	0.30000000000000004	ADCCM	Negative_Label	0.9992176760361318
991	5b3ef5d8-0c13-4f0a-95a5-76f40d9222d1	LT0010_27/LT0010_27_173_83.tif	Not ADCCM	CP_and_DP	1.0	0.30000000000000004	ADCCM	Positive_Label	0.0007823239638682367
992	5b3ef5d8-0c13-4f0a-95a5-76f40d9222d1	LT0010_27/LT0010_27_173_83.tif	Not Anaphase	CP_and_DP	0.1	0.8	Anaphase	Negative_Label	0.6169339167056415
993	5b3ef5d8-0c13-4f0a-95a5-76f40d9222d1	LT0010_27/LT0010_27_173_83.tif	Not Anaphase	CP_and_DP	0.1	0.8	Anaphase	Positive_Label	0.38306608329435854
994	5b3ef5d8-0c13-4f0a-95a5-76f40d9222d1	LT0010_27/LT0010_27_173_83.tif	Not Apoptosis	CP_and_DP	0.1	0.2	Apoptosis	Negative_Label	0.9981816738272581
995	5b3ef5d8-0c13-4f0a-95a5-76f40d9222d1	LT0010_27/LT0010_27_173_83.tif	Not Apoptosis	CP_and_DP	0.1	0.2	Apoptosis	Positive_Label	0.001818326172741913
996	5b3ef5d8-0c13-4f0a-95a5-76f40d9222d1	LT0010_27/LT0010_27_173_83.tif	Not Binuclear	CP_and_DP	0.1	0.1	Binuclear	Negative_Label	0.9999447779356336
997	5b3ef5d8-0c13-4f0a-95a5-76f40d9222d1	LT0010_27/LT0010_27_173_83.tif	Not Binuclear	CP_and_DP	0.1	0.1	Binuclear	Positive_Label	5.522206436636701e-05
998	5b3ef5d8-0c13-4f0a-95a5-76f40d9222d1	LT0010_27/LT0010_27_173_83.tif	Elongated	CP_and_DP	0.1	0.8	Elongated	Negative_Label	0.022853113368467716
999	5b3ef5d8-0c13-4f0a-95a5-76f40d9222d1	LT0010_27/LT0010_27_173_83.tif	Elongated	CP_and_DP	0.1	0.8	Elongated	Positive_Label	0.9771468866315323
1000	5b3ef5d8-0c13-4f0a-95a5-76f40d9222d1	LT0010_27/LT0010_27_173_83.tif	Not Grape	CP_and_DP	0.01	0.2	Grape	Negative_Label	0.6130424656924496
1001	5b3ef5d8-0c13-4f0a-95a5-76f40d9222d1	LT0010_27/LT0010_27_173_83.tif	Not Grape	CP_and_DP	0.01	0.2	Grape	Positive_Label	0.3869575343075504
1002	5b3ef5d8-0c13-4f0a-95a5-76f40d9222d1	LT0010_27/LT0010_27_173_83.tif	Not Hole	CP_and_DP	1.0	0.4	Hole	Negative_Label	0.35099568309785517
1003	5b3ef5d8-0c13-4f0a-95a5-76f40d9222d1	LT0010_27/LT0010_27_173_83.tif	Not Hole	CP_and_DP	1.0	0.4	Hole	Positive_Label	0.6490043169021449
1004	5b3ef5d8-0c13-4f0a-95a5-76f40d9222d1	LT0010_27/LT0010_27_173_83.tif	Not Interphase	CP_and_DP	0.1	1.0	Interphase	Negative_Label	0.8084814499049683
1005	5b3ef5d8-0c13-4f0a-95a5-76f40d9222d1	LT0010_27/LT0010_27_173_83.tif	Not Interphase	CP_and_DP	0.1	1.0	Interphase	Positive_Label	0.19151855009503171
1006	5b3ef5d8-0c13-4f0a-95a5-76f40d9222d1	LT0010_27/LT0010_27_173_83.tif	Not Large	CP_and_DP	0.1	0.0	Large	Negative_Label	0.981540046794444
1007	5b3ef5d8-0c13-4f0a-95a5-76f40d9222d1	LT0010_27/LT0010_27_173_83.tif	Not Large	CP_and_DP	0.1	0.0	Large	Positive_Label	0.018459953205556046
1008	5b3ef5d8-0c13-4f0a-95a5-76f40d9222d1	LT0010_27/LT0010_27_173_83.tif	Not Metaphase	CP_and_DP	0.1	0.2	Metaphase	Negative_Label	0.7824372847741403
1009	5b3ef5d8-0c13-4f0a-95a5-76f40d9222d1	LT0010_27/LT0010_27_173_83.tif	Not Metaphase	CP_and_DP	0.1	0.2	Metaphase	Positive_Label	0.21756271522585968
1010	5b3ef5d8-0c13-4f0a-95a5-76f40d9222d1	LT0010_27/LT0010_27_173_83.tif	Not MetaphaseAlignment	CP_and_DP	0.1	0.9	MetaphaseAlignment	Negative_Label	0.9627674965276113
1011	5b3ef5d8-0c13-4f0a-95a5-76f40d9222d1	LT0010_27/LT0010_27_173_83.tif	Not MetaphaseAlignment	CP_and_DP	0.1	0.9	MetaphaseAlignment	Positive_Label	0.03723250347238871
1012	5b3ef5d8-0c13-4f0a-95a5-76f40d9222d1	LT0010_27/LT0010_27_173_83.tif	Not OutOfFocus	CP_and_DP	0.001	0.1	OutOfFocus	Negative_Label	0.7925202289216355
1013	5b3ef5d8-0c13-4f0a-95a5-76f40d9222d1	LT0010_27/LT0010_27_173_83.tif	Not OutOfFocus	CP_and_DP	0.001	0.1	OutOfFocus	Positive_Label	0.2074797710783644
1014	5b3ef5d8-0c13-4f0a-95a5-76f40d9222d1	LT0010_27/LT0010_27_173_83.tif	Not Polylobed	CP_and_DP	0.01	0.7000000000000001	Polylobed	Negative_Label	0.7439564911885104
1015	5b3ef5d8-0c13-4f0a-95a5-76f40d9222d1	LT0010_27/LT0010_27_173_83.tif	Not Polylobed	CP_and_DP	0.01	0.7000000000000001	Polylobed	Positive_Label	0.25604350881148963
1016	5b3ef5d8-0c13-4f0a-95a5-76f40d9222d1	LT0010_27/LT0010_27_173_83.tif	Not Prometaphase	CP_and_DP	0.1	0.5	Prometaphase	Negative_Label	0.9975876262024936
1017	5b3ef5d8-0c13-4f0a-95a5-76f40d9222d1	LT0010_27/LT0010_27_173_83.tif	Not Prometaphase	CP_and_DP	0.1	0.5	Prometaphase	Positive_Label	0.0024123737975063346
1018	5b3ef5d8-0c13-4f0a-95a5-76f40d9222d1	LT0010_27/LT0010_27_173_83.tif	Not SmallIrregular	CP_and_DP	0.01	0.0	SmallIrregular	Negative_Label	0.971181145625675
1019	5b3ef5d8-0c13-4f0a-95a5-76f40d9222d1	LT0010_27/LT0010_27_173_83.tif	Not SmallIrregular	CP_and_DP	0.01	0.0	SmallIrregular	Positive_Label	0.028818854374324982
1020	5bb397bf-0fa2-4c48-a536-c046343792b4	LT0010_27/LT0010_27_173_83.tif	Not ADCCM	CP_and_DP	1.0	0.30000000000000004	ADCCM	Negative_Label	0.9618469396557044
1021	5bb397bf-0fa2-4c48-a536-c046343792b4	LT0010_27/LT0010_27_173_83.tif	Not ADCCM	CP_and_DP	1.0	0.30000000000000004	ADCCM	Positive_Label	0.03815306034429555
1022	5bb397bf-0fa2-4c48-a536-c046343792b4	LT0010_27/LT0010_27_173_83.tif	Not Anaphase	CP_and_DP	0.1	0.8	Anaphase	Negative_Label	0.6244144167916208
1023	5bb397bf-0fa2-4c48-a536-c046343792b4	LT0010_27/LT0010_27_173_83.tif	Not Anaphase	CP_and_DP	0.1	0.8	Anaphase	Positive_Label	0.3755855832083792
1024	5bb397bf-0fa2-4c48-a536-c046343792b4	LT0010_27/LT0010_27_173_83.tif	Not Apoptosis	CP_and_DP	0.1	0.2	Apoptosis	Negative_Label	0.8670938533189322
1025	5bb397bf-0fa2-4c48-a536-c046343792b4	LT0010_27/LT0010_27_173_83.tif	Not Apoptosis	CP_and_DP	0.1	0.2	Apoptosis	Positive_Label	0.13290614668106782
1026	5bb397bf-0fa2-4c48-a536-c046343792b4	LT0010_27/LT0010_27_173_83.tif	Not Binuclear	CP_and_DP	0.1	0.1	Binuclear	Negative_Label	0.9994561750902715
1027	5bb397bf-0fa2-4c48-a536-c046343792b4	LT0010_27/LT0010_27_173_83.tif	Not Binuclear	CP_and_DP	0.1	0.1	Binuclear	Positive_Label	0.0005438249097284853
1028	5bb397bf-0fa2-4c48-a536-c046343792b4	LT0010_27/LT0010_27_173_83.tif	Elongated	CP_and_DP	0.1	0.8	Elongated	Negative_Label	0.257565908879683
1029	5bb397bf-0fa2-4c48-a536-c046343792b4	LT0010_27/LT0010_27_173_83.tif	Elongated	CP_and_DP	0.1	0.8	Elongated	Positive_Label	0.742434091120317
1030	5bb397bf-0fa2-4c48-a536-c046343792b4	LT0010_27/LT0010_27_173_83.tif	Not Grape	CP_and_DP	0.01	0.2	Grape	Negative_Label	0.6457581430918435
1031	5bb397bf-0fa2-4c48-a536-c046343792b4	LT0010_27/LT0010_27_173_83.tif	Not Grape	CP_and_DP	0.01	0.2	Grape	Positive_Label	0.35424185690815646
1032	5bb397bf-0fa2-4c48-a536-c046343792b4	LT0010_27/LT0010_27_173_83.tif	Not Hole	CP_and_DP	1.0	0.4	Hole	Negative_Label	0.10086271571606009
1033	5bb397bf-0fa2-4c48-a536-c046343792b4	LT0010_27/LT0010_27_173_83.tif	Not Hole	CP_and_DP	1.0	0.4	Hole	Positive_Label	0.8991372842839399
1034	5bb397bf-0fa2-4c48-a536-c046343792b4	LT0010_27/LT0010_27_173_83.tif	Not Interphase	CP_and_DP	0.1	1.0	Interphase	Negative_Label	0.27484816738663403
1035	5bb397bf-0fa2-4c48-a536-c046343792b4	LT0010_27/LT0010_27_173_83.tif	Not Interphase	CP_and_DP	0.1	1.0	Interphase	Positive_Label	0.7251518326133659
1036	5bb397bf-0fa2-4c48-a536-c046343792b4	LT0010_27/LT0010_27_173_83.tif	Not Large	CP_and_DP	0.1	0.0	Large	Negative_Label	0.8983400360020256
1037	5bb397bf-0fa2-4c48-a536-c046343792b4	LT0010_27/LT0010_27_173_83.tif	Not Large	CP_and_DP	0.1	0.0	Large	Positive_Label	0.10165996399797439
1038	5bb397bf-0fa2-4c48-a536-c046343792b4	LT0010_27/LT0010_27_173_83.tif	Not Metaphase	CP_and_DP	0.1	0.2	Metaphase	Negative_Label	0.7130665579707414
1039	5bb397bf-0fa2-4c48-a536-c046343792b4	LT0010_27/LT0010_27_173_83.tif	Not Metaphase	CP_and_DP	0.1	0.2	Metaphase	Positive_Label	0.28693344202925863
1040	5bb397bf-0fa2-4c48-a536-c046343792b4	LT0010_27/LT0010_27_173_83.tif	Not MetaphaseAlignment	CP_and_DP	0.1	0.9	MetaphaseAlignment	Negative_Label	0.9889577080271862
1041	5bb397bf-0fa2-4c48-a536-c046343792b4	LT0010_27/LT0010_27_173_83.tif	Not MetaphaseAlignment	CP_and_DP	0.1	0.9	MetaphaseAlignment	Positive_Label	0.011042291972813811
1042	5bb397bf-0fa2-4c48-a536-c046343792b4	LT0010_27/LT0010_27_173_83.tif	Not OutOfFocus	CP_and_DP	0.001	0.1	OutOfFocus	Negative_Label	0.6975852750610285
1043	5bb397bf-0fa2-4c48-a536-c046343792b4	LT0010_27/LT0010_27_173_83.tif	Not OutOfFocus	CP_and_DP	0.001	0.1	OutOfFocus	Positive_Label	0.3024147249389714
1044	5bb397bf-0fa2-4c48-a536-c046343792b4	LT0010_27/LT0010_27_173_83.tif	Not Polylobed	CP_and_DP	0.01	0.7000000000000001	Polylobed	Negative_Label	0.7751068925529334
1045	5bb397bf-0fa2-4c48-a536-c046343792b4	LT0010_27/LT0010_27_173_83.tif	Not Polylobed	CP_and_DP	0.01	0.7000000000000001	Polylobed	Positive_Label	0.22489310744706653
1046	5bb397bf-0fa2-4c48-a536-c046343792b4	LT0010_27/LT0010_27_173_83.tif	Not Prometaphase	CP_and_DP	0.1	0.5	Prometaphase	Negative_Label	0.9720646416611196
1047	5bb397bf-0fa2-4c48-a536-c046343792b4	LT0010_27/LT0010_27_173_83.tif	Not Prometaphase	CP_and_DP	0.1	0.5	Prometaphase	Positive_Label	0.027935358338880435
1048	5bb397bf-0fa2-4c48-a536-c046343792b4	LT0010_27/LT0010_27_173_83.tif	Not SmallIrregular	CP_and_DP	0.01	0.0	SmallIrregular	Negative_Label	0.7093656224342934
1049	5bb397bf-0fa2-4c48-a536-c046343792b4	LT0010_27/LT0010_27_173_83.tif	Not SmallIrregular	CP_and_DP	0.01	0.0	SmallIrregular	Positive_Label	0.29063437756570665
1050	5e6a06d4-2920-4926-baa3-e3180d874d06	LT0010_27/LT0010_27_173_83.tif	Not ADCCM	CP_and_DP	1.0	0.30000000000000004	ADCCM	Negative_Label	0.9978752638368777
1051	5e6a06d4-2920-4926-baa3-e3180d874d06	LT0010_27/LT0010_27_173_83.tif	Not ADCCM	CP_and_DP	1.0	0.30000000000000004	ADCCM	Positive_Label	0.002124736163122254
1052	5e6a06d4-2920-4926-baa3-e3180d874d06	LT0010_27/LT0010_27_173_83.tif	Not Anaphase	CP_and_DP	0.1	0.8	Anaphase	Negative_Label	0.8949225891321857
1053	5e6a06d4-2920-4926-baa3-e3180d874d06	LT0010_27/LT0010_27_173_83.tif	Not Anaphase	CP_and_DP	0.1	0.8	Anaphase	Positive_Label	0.1050774108678143
1054	5e6a06d4-2920-4926-baa3-e3180d874d06	LT0010_27/LT0010_27_173_83.tif	Not Apoptosis	CP_and_DP	0.1	0.2	Apoptosis	Negative_Label	0.9042146311367311
1055	5e6a06d4-2920-4926-baa3-e3180d874d06	LT0010_27/LT0010_27_173_83.tif	Not Apoptosis	CP_and_DP	0.1	0.2	Apoptosis	Positive_Label	0.09578536886326894
1056	5e6a06d4-2920-4926-baa3-e3180d874d06	LT0010_27/LT0010_27_173_83.tif	Not Binuclear	CP_and_DP	0.1	0.1	Binuclear	Negative_Label	0.9997888287837154
1057	5e6a06d4-2920-4926-baa3-e3180d874d06	LT0010_27/LT0010_27_173_83.tif	Not Binuclear	CP_and_DP	0.1	0.1	Binuclear	Positive_Label	0.00021117121628455582
1058	5e6a06d4-2920-4926-baa3-e3180d874d06	LT0010_27/LT0010_27_173_83.tif	Elongated	CP_and_DP	0.1	0.8	Elongated	Negative_Label	0.10727226578334617
1059	5e6a06d4-2920-4926-baa3-e3180d874d06	LT0010_27/LT0010_27_173_83.tif	Elongated	CP_and_DP	0.1	0.8	Elongated	Positive_Label	0.8927277342166539
1060	5e6a06d4-2920-4926-baa3-e3180d874d06	LT0010_27/LT0010_27_173_83.tif	Not Grape	CP_and_DP	0.01	0.2	Grape	Negative_Label	0.6213935788738948
1061	5e6a06d4-2920-4926-baa3-e3180d874d06	LT0010_27/LT0010_27_173_83.tif	Not Grape	CP_and_DP	0.01	0.2	Grape	Positive_Label	0.3786064211261052
1062	5e6a06d4-2920-4926-baa3-e3180d874d06	LT0010_27/LT0010_27_173_83.tif	Not Hole	CP_and_DP	1.0	0.4	Hole	Negative_Label	0.023611953571471934
1063	5e6a06d4-2920-4926-baa3-e3180d874d06	LT0010_27/LT0010_27_173_83.tif	Not Hole	CP_and_DP	1.0	0.4	Hole	Positive_Label	0.9763880464285281
1064	5e6a06d4-2920-4926-baa3-e3180d874d06	LT0010_27/LT0010_27_173_83.tif	Not Interphase	CP_and_DP	0.1	1.0	Interphase	Negative_Label	0.6742896264441144
1065	5e6a06d4-2920-4926-baa3-e3180d874d06	LT0010_27/LT0010_27_173_83.tif	Not Interphase	CP_and_DP	0.1	1.0	Interphase	Positive_Label	0.3257103735558856
1066	5e6a06d4-2920-4926-baa3-e3180d874d06	LT0010_27/LT0010_27_173_83.tif	Not Large	CP_and_DP	0.1	0.0	Large	Negative_Label	0.9963900930859474
1067	5e6a06d4-2920-4926-baa3-e3180d874d06	LT0010_27/LT0010_27_173_83.tif	Not Large	CP_and_DP	0.1	0.0	Large	Positive_Label	0.0036099069140526074
1068	5e6a06d4-2920-4926-baa3-e3180d874d06	LT0010_27/LT0010_27_173_83.tif	Not Metaphase	CP_and_DP	0.1	0.2	Metaphase	Negative_Label	0.6380702203729249
1069	5e6a06d4-2920-4926-baa3-e3180d874d06	LT0010_27/LT0010_27_173_83.tif	Not Metaphase	CP_and_DP	0.1	0.2	Metaphase	Positive_Label	0.36192977962707507
1070	5e6a06d4-2920-4926-baa3-e3180d874d06	LT0010_27/LT0010_27_173_83.tif	Not MetaphaseAlignment	CP_and_DP	0.1	0.9	MetaphaseAlignment	Negative_Label	0.9870925250863958
1071	5e6a06d4-2920-4926-baa3-e3180d874d06	LT0010_27/LT0010_27_173_83.tif	Not MetaphaseAlignment	CP_and_DP	0.1	0.9	MetaphaseAlignment	Positive_Label	0.012907474913604222
1072	5e6a06d4-2920-4926-baa3-e3180d874d06	LT0010_27/LT0010_27_173_83.tif	Not OutOfFocus	CP_and_DP	0.001	0.1	OutOfFocus	Negative_Label	0.6630236425156498
1073	5e6a06d4-2920-4926-baa3-e3180d874d06	LT0010_27/LT0010_27_173_83.tif	Not OutOfFocus	CP_and_DP	0.001	0.1	OutOfFocus	Positive_Label	0.3369763574843502
1074	5e6a06d4-2920-4926-baa3-e3180d874d06	LT0010_27/LT0010_27_173_83.tif	Not Polylobed	CP_and_DP	0.01	0.7000000000000001	Polylobed	Negative_Label	0.7577743761232963
1075	5e6a06d4-2920-4926-baa3-e3180d874d06	LT0010_27/LT0010_27_173_83.tif	Not Polylobed	CP_and_DP	0.01	0.7000000000000001	Polylobed	Positive_Label	0.24222562387670366
1076	5e6a06d4-2920-4926-baa3-e3180d874d06	LT0010_27/LT0010_27_173_83.tif	Not Prometaphase	CP_and_DP	0.1	0.5	Prometaphase	Negative_Label	0.988850414994044
1077	5e6a06d4-2920-4926-baa3-e3180d874d06	LT0010_27/LT0010_27_173_83.tif	Not Prometaphase	CP_and_DP	0.1	0.5	Prometaphase	Positive_Label	0.011149585005956007
1078	5e6a06d4-2920-4926-baa3-e3180d874d06	LT0010_27/LT0010_27_173_83.tif	Not SmallIrregular	CP_and_DP	0.01	0.0	SmallIrregular	Negative_Label	0.9080162169652518
1079	5e6a06d4-2920-4926-baa3-e3180d874d06	LT0010_27/LT0010_27_173_83.tif	Not SmallIrregular	CP_and_DP	0.01	0.0	SmallIrregular	Positive_Label	0.0919837830347482
1080	71f0b3bc-c68f-4b6f-9e3d-3c329b1ecf82	LT0010_27/LT0010_27_173_83.tif	Not ADCCM	CP_and_DP	1.0	0.30000000000000004	ADCCM	Negative_Label	0.7848979501229727
1081	71f0b3bc-c68f-4b6f-9e3d-3c329b1ecf82	LT0010_27/LT0010_27_173_83.tif	Not ADCCM	CP_and_DP	1.0	0.30000000000000004	ADCCM	Positive_Label	0.2151020498770273
1082	71f0b3bc-c68f-4b6f-9e3d-3c329b1ecf82	LT0010_27/LT0010_27_173_83.tif	Not Anaphase	CP_and_DP	0.1	0.8	Anaphase	Negative_Label	0.4662404987784996
1083	71f0b3bc-c68f-4b6f-9e3d-3c329b1ecf82	LT0010_27/LT0010_27_173_83.tif	Not Anaphase	CP_and_DP	0.1	0.8	Anaphase	Positive_Label	0.5337595012215004
1084	71f0b3bc-c68f-4b6f-9e3d-3c329b1ecf82	LT0010_27/LT0010_27_173_83.tif	Not Apoptosis	CP_and_DP	0.1	0.2	Apoptosis	Negative_Label	0.9984505740116266
1085	71f0b3bc-c68f-4b6f-9e3d-3c329b1ecf82	LT0010_27/LT0010_27_173_83.tif	Not Apoptosis	CP_and_DP	0.1	0.2	Apoptosis	Positive_Label	0.0015494259883733763
1086	71f0b3bc-c68f-4b6f-9e3d-3c329b1ecf82	LT0010_27/LT0010_27_173_83.tif	Not Binuclear	CP_and_DP	0.1	0.1	Binuclear	Negative_Label	0.9978900217347275
1087	71f0b3bc-c68f-4b6f-9e3d-3c329b1ecf82	LT0010_27/LT0010_27_173_83.tif	Not Binuclear	CP_and_DP	0.1	0.1	Binuclear	Positive_Label	0.002109978265272483
1088	71f0b3bc-c68f-4b6f-9e3d-3c329b1ecf82	LT0010_27/LT0010_27_173_83.tif	Elongated	CP_and_DP	0.1	0.8	Elongated	Negative_Label	0.11307147915168603
1089	71f0b3bc-c68f-4b6f-9e3d-3c329b1ecf82	LT0010_27/LT0010_27_173_83.tif	Elongated	CP_and_DP	0.1	0.8	Elongated	Positive_Label	0.886928520848314
1090	71f0b3bc-c68f-4b6f-9e3d-3c329b1ecf82	LT0010_27/LT0010_27_173_83.tif	Not Grape	CP_and_DP	0.01	0.2	Grape	Negative_Label	0.6747405289769096
1091	71f0b3bc-c68f-4b6f-9e3d-3c329b1ecf82	LT0010_27/LT0010_27_173_83.tif	Not Grape	CP_and_DP	0.01	0.2	Grape	Positive_Label	0.3252594710230904
1092	71f0b3bc-c68f-4b6f-9e3d-3c329b1ecf82	LT0010_27/LT0010_27_173_83.tif	Not Hole	CP_and_DP	1.0	0.4	Hole	Negative_Label	0.738244247448422
1093	71f0b3bc-c68f-4b6f-9e3d-3c329b1ecf82	LT0010_27/LT0010_27_173_83.tif	Not Hole	CP_and_DP	1.0	0.4	Hole	Positive_Label	0.261755752551578
1094	71f0b3bc-c68f-4b6f-9e3d-3c329b1ecf82	LT0010_27/LT0010_27_173_83.tif	Not Interphase	CP_and_DP	0.1	1.0	Interphase	Negative_Label	0.9048865641542595
1095	71f0b3bc-c68f-4b6f-9e3d-3c329b1ecf82	LT0010_27/LT0010_27_173_83.tif	Not Interphase	CP_and_DP	0.1	1.0	Interphase	Positive_Label	0.0951134358457405
1096	71f0b3bc-c68f-4b6f-9e3d-3c329b1ecf82	LT0010_27/LT0010_27_173_83.tif	Not Large	CP_and_DP	0.1	0.0	Large	Negative_Label	0.8817865438701843
1097	71f0b3bc-c68f-4b6f-9e3d-3c329b1ecf82	LT0010_27/LT0010_27_173_83.tif	Not Large	CP_and_DP	0.1	0.0	Large	Positive_Label	0.11821345612981571
1098	71f0b3bc-c68f-4b6f-9e3d-3c329b1ecf82	LT0010_27/LT0010_27_173_83.tif	Not Metaphase	CP_and_DP	0.1	0.2	Metaphase	Negative_Label	0.0904673743206314
1099	71f0b3bc-c68f-4b6f-9e3d-3c329b1ecf82	LT0010_27/LT0010_27_173_83.tif	Not Metaphase	CP_and_DP	0.1	0.2	Metaphase	Positive_Label	0.9095326256793685
1100	71f0b3bc-c68f-4b6f-9e3d-3c329b1ecf82	LT0010_27/LT0010_27_173_83.tif	Not MetaphaseAlignment	CP_and_DP	0.1	0.9	MetaphaseAlignment	Negative_Label	0.8999338459160852
1101	71f0b3bc-c68f-4b6f-9e3d-3c329b1ecf82	LT0010_27/LT0010_27_173_83.tif	Not MetaphaseAlignment	CP_and_DP	0.1	0.9	MetaphaseAlignment	Positive_Label	0.10006615408391484
1102	71f0b3bc-c68f-4b6f-9e3d-3c329b1ecf82	LT0010_27/LT0010_27_173_83.tif	Not OutOfFocus	CP_and_DP	0.001	0.1	OutOfFocus	Negative_Label	0.5886172384829804
1103	71f0b3bc-c68f-4b6f-9e3d-3c329b1ecf82	LT0010_27/LT0010_27_173_83.tif	Not OutOfFocus	CP_and_DP	0.001	0.1	OutOfFocus	Positive_Label	0.4113827615170195
1104	71f0b3bc-c68f-4b6f-9e3d-3c329b1ecf82	LT0010_27/LT0010_27_173_83.tif	Not Polylobed	CP_and_DP	0.01	0.7000000000000001	Polylobed	Negative_Label	0.6683640942252032
1105	71f0b3bc-c68f-4b6f-9e3d-3c329b1ecf82	LT0010_27/LT0010_27_173_83.tif	Not Polylobed	CP_and_DP	0.01	0.7000000000000001	Polylobed	Positive_Label	0.3316359057747968
1106	71f0b3bc-c68f-4b6f-9e3d-3c329b1ecf82	LT0010_27/LT0010_27_173_83.tif	Not Prometaphase	CP_and_DP	0.1	0.5	Prometaphase	Negative_Label	0.9839163867984393
1107	71f0b3bc-c68f-4b6f-9e3d-3c329b1ecf82	LT0010_27/LT0010_27_173_83.tif	Not Prometaphase	CP_and_DP	0.1	0.5	Prometaphase	Positive_Label	0.016083613201560685
1108	71f0b3bc-c68f-4b6f-9e3d-3c329b1ecf82	LT0010_27/LT0010_27_173_83.tif	Not SmallIrregular	CP_and_DP	0.01	0.0	SmallIrregular	Negative_Label	0.9766125191977393
1109	71f0b3bc-c68f-4b6f-9e3d-3c329b1ecf82	LT0010_27/LT0010_27_173_83.tif	Not SmallIrregular	CP_and_DP	0.01	0.0	SmallIrregular	Positive_Label	0.023387480802260722
1110	82f7949b-4ea2-45c8-8dd9-7854caf49077	LT0010_27/LT0010_27_173_83.tif	Not ADCCM	CP_and_DP	1.0	0.30000000000000004	ADCCM	Negative_Label	0.7968954339781185
1111	82f7949b-4ea2-45c8-8dd9-7854caf49077	LT0010_27/LT0010_27_173_83.tif	Not ADCCM	CP_and_DP	1.0	0.30000000000000004	ADCCM	Positive_Label	0.20310456602188154
1112	82f7949b-4ea2-45c8-8dd9-7854caf49077	LT0010_27/LT0010_27_173_83.tif	Not Anaphase	CP_and_DP	0.1	0.8	Anaphase	Negative_Label	0.6138432665421316
1113	82f7949b-4ea2-45c8-8dd9-7854caf49077	LT0010_27/LT0010_27_173_83.tif	Not Anaphase	CP_and_DP	0.1	0.8	Anaphase	Positive_Label	0.3861567334578684
1114	82f7949b-4ea2-45c8-8dd9-7854caf49077	LT0010_27/LT0010_27_173_83.tif	Not Apoptosis	CP_and_DP	0.1	0.2	Apoptosis	Negative_Label	0.8431084383934708
1115	82f7949b-4ea2-45c8-8dd9-7854caf49077	LT0010_27/LT0010_27_173_83.tif	Not Apoptosis	CP_and_DP	0.1	0.2	Apoptosis	Positive_Label	0.15689156160652917
1116	82f7949b-4ea2-45c8-8dd9-7854caf49077	LT0010_27/LT0010_27_173_83.tif	Not Binuclear	CP_and_DP	0.1	0.1	Binuclear	Negative_Label	0.996390143349237
1117	82f7949b-4ea2-45c8-8dd9-7854caf49077	LT0010_27/LT0010_27_173_83.tif	Not Binuclear	CP_and_DP	0.1	0.1	Binuclear	Positive_Label	0.003609856650762966
1118	82f7949b-4ea2-45c8-8dd9-7854caf49077	LT0010_27/LT0010_27_173_83.tif	Not Elongated	CP_and_DP	0.1	0.8	Elongated	Negative_Label	0.28104181497096664
1119	82f7949b-4ea2-45c8-8dd9-7854caf49077	LT0010_27/LT0010_27_173_83.tif	Not Elongated	CP_and_DP	0.1	0.8	Elongated	Positive_Label	0.7189581850290334
1120	82f7949b-4ea2-45c8-8dd9-7854caf49077	LT0010_27/LT0010_27_173_83.tif	Not Grape	CP_and_DP	0.01	0.2	Grape	Negative_Label	0.6079611589108295
1121	82f7949b-4ea2-45c8-8dd9-7854caf49077	LT0010_27/LT0010_27_173_83.tif	Not Grape	CP_and_DP	0.01	0.2	Grape	Positive_Label	0.39203884108917053
1122	82f7949b-4ea2-45c8-8dd9-7854caf49077	LT0010_27/LT0010_27_173_83.tif	Not Hole	CP_and_DP	1.0	0.4	Hole	Negative_Label	0.7382152376754177
1123	82f7949b-4ea2-45c8-8dd9-7854caf49077	LT0010_27/LT0010_27_173_83.tif	Not Hole	CP_and_DP	1.0	0.4	Hole	Positive_Label	0.26178476232458225
1124	82f7949b-4ea2-45c8-8dd9-7854caf49077	LT0010_27/LT0010_27_173_83.tif	Not Interphase	CP_and_DP	0.1	1.0	Interphase	Negative_Label	0.45802138616792193
1125	82f7949b-4ea2-45c8-8dd9-7854caf49077	LT0010_27/LT0010_27_173_83.tif	Not Interphase	CP_and_DP	0.1	1.0	Interphase	Positive_Label	0.5419786138320781
1126	82f7949b-4ea2-45c8-8dd9-7854caf49077	LT0010_27/LT0010_27_173_83.tif	Large	CP_and_DP	0.1	0.0	Large	Negative_Label	0.8800826849578565
1127	82f7949b-4ea2-45c8-8dd9-7854caf49077	LT0010_27/LT0010_27_173_83.tif	Large	CP_and_DP	0.1	0.0	Large	Positive_Label	0.11991731504214354
1128	82f7949b-4ea2-45c8-8dd9-7854caf49077	LT0010_27/LT0010_27_173_83.tif	Not Metaphase	CP_and_DP	0.1	0.2	Metaphase	Negative_Label	0.8070357687700143
1129	82f7949b-4ea2-45c8-8dd9-7854caf49077	LT0010_27/LT0010_27_173_83.tif	Not Metaphase	CP_and_DP	0.1	0.2	Metaphase	Positive_Label	0.19296423122998574
1130	82f7949b-4ea2-45c8-8dd9-7854caf49077	LT0010_27/LT0010_27_173_83.tif	Not MetaphaseAlignment	CP_and_DP	0.1	0.9	MetaphaseAlignment	Negative_Label	0.9361119898652323
1131	82f7949b-4ea2-45c8-8dd9-7854caf49077	LT0010_27/LT0010_27_173_83.tif	Not MetaphaseAlignment	CP_and_DP	0.1	0.9	MetaphaseAlignment	Positive_Label	0.06388801013476775
1132	82f7949b-4ea2-45c8-8dd9-7854caf49077	LT0010_27/LT0010_27_173_83.tif	Not OutOfFocus	CP_and_DP	0.001	0.1	OutOfFocus	Negative_Label	0.6273579358813509
1133	82f7949b-4ea2-45c8-8dd9-7854caf49077	LT0010_27/LT0010_27_173_83.tif	Not OutOfFocus	CP_and_DP	0.001	0.1	OutOfFocus	Positive_Label	0.3726420641186491
1134	82f7949b-4ea2-45c8-8dd9-7854caf49077	LT0010_27/LT0010_27_173_83.tif	Not Polylobed	CP_and_DP	0.01	0.7000000000000001	Polylobed	Negative_Label	0.6469665251373719
1135	82f7949b-4ea2-45c8-8dd9-7854caf49077	LT0010_27/LT0010_27_173_83.tif	Not Polylobed	CP_and_DP	0.01	0.7000000000000001	Polylobed	Positive_Label	0.35303347486262815
1136	82f7949b-4ea2-45c8-8dd9-7854caf49077	LT0010_27/LT0010_27_173_83.tif	Not Prometaphase	CP_and_DP	0.1	0.5	Prometaphase	Negative_Label	0.9740607715258974
1137	82f7949b-4ea2-45c8-8dd9-7854caf49077	LT0010_27/LT0010_27_173_83.tif	Not Prometaphase	CP_and_DP	0.1	0.5	Prometaphase	Positive_Label	0.025939228474102582
1138	82f7949b-4ea2-45c8-8dd9-7854caf49077	LT0010_27/LT0010_27_173_83.tif	Not SmallIrregular	CP_and_DP	0.01	0.0	SmallIrregular	Negative_Label	0.5158056713865634
1139	82f7949b-4ea2-45c8-8dd9-7854caf49077	LT0010_27/LT0010_27_173_83.tif	Not SmallIrregular	CP_and_DP	0.01	0.0	SmallIrregular	Positive_Label	0.4841943286134366
1140	9bbecf9e-9fd0-4a65-90dc-b20d80a4587d	LT0010_27/LT0010_27_173_83.tif	Not ADCCM	CP_and_DP	1.0	0.30000000000000004	ADCCM	Negative_Label	0.9476525423911304
1141	9bbecf9e-9fd0-4a65-90dc-b20d80a4587d	LT0010_27/LT0010_27_173_83.tif	Not ADCCM	CP_and_DP	1.0	0.30000000000000004	ADCCM	Positive_Label	0.05234745760886961
1142	9bbecf9e-9fd0-4a65-90dc-b20d80a4587d	LT0010_27/LT0010_27_173_83.tif	Not Anaphase	CP_and_DP	0.1	0.8	Anaphase	Negative_Label	0.6395053433203786
1143	9bbecf9e-9fd0-4a65-90dc-b20d80a4587d	LT0010_27/LT0010_27_173_83.tif	Not Anaphase	CP_and_DP	0.1	0.8	Anaphase	Positive_Label	0.36049465667962144
1144	9bbecf9e-9fd0-4a65-90dc-b20d80a4587d	LT0010_27/LT0010_27_173_83.tif	Not Apoptosis	CP_and_DP	0.1	0.2	Apoptosis	Negative_Label	0.9960613017710211
1145	9bbecf9e-9fd0-4a65-90dc-b20d80a4587d	LT0010_27/LT0010_27_173_83.tif	Not Apoptosis	CP_and_DP	0.1	0.2	Apoptosis	Positive_Label	0.003938698228978854
1146	9bbecf9e-9fd0-4a65-90dc-b20d80a4587d	LT0010_27/LT0010_27_173_83.tif	Not Binuclear	CP_and_DP	0.1	0.1	Binuclear	Negative_Label	0.9972315986116355
1147	9bbecf9e-9fd0-4a65-90dc-b20d80a4587d	LT0010_27/LT0010_27_173_83.tif	Not Binuclear	CP_and_DP	0.1	0.1	Binuclear	Positive_Label	0.0027684013883645386
1148	9bbecf9e-9fd0-4a65-90dc-b20d80a4587d	LT0010_27/LT0010_27_173_83.tif	Elongated	CP_and_DP	0.1	0.8	Elongated	Negative_Label	0.13061988944909245
1149	9bbecf9e-9fd0-4a65-90dc-b20d80a4587d	LT0010_27/LT0010_27_173_83.tif	Elongated	CP_and_DP	0.1	0.8	Elongated	Positive_Label	0.8693801105509076
1150	9bbecf9e-9fd0-4a65-90dc-b20d80a4587d	LT0010_27/LT0010_27_173_83.tif	Not Grape	CP_and_DP	0.01	0.2	Grape	Negative_Label	0.675083297809532
1151	9bbecf9e-9fd0-4a65-90dc-b20d80a4587d	LT0010_27/LT0010_27_173_83.tif	Not Grape	CP_and_DP	0.01	0.2	Grape	Positive_Label	0.324916702190468
1152	9bbecf9e-9fd0-4a65-90dc-b20d80a4587d	LT0010_27/LT0010_27_173_83.tif	Not Hole	CP_and_DP	1.0	0.4	Hole	Negative_Label	0.5988041587416517
1153	9bbecf9e-9fd0-4a65-90dc-b20d80a4587d	LT0010_27/LT0010_27_173_83.tif	Not Hole	CP_and_DP	1.0	0.4	Hole	Positive_Label	0.4011958412583483
1154	9bbecf9e-9fd0-4a65-90dc-b20d80a4587d	LT0010_27/LT0010_27_173_83.tif	Not Interphase	CP_and_DP	0.1	1.0	Interphase	Negative_Label	0.9478586221672679
1155	9bbecf9e-9fd0-4a65-90dc-b20d80a4587d	LT0010_27/LT0010_27_173_83.tif	Not Interphase	CP_and_DP	0.1	1.0	Interphase	Positive_Label	0.052141377832732094
1156	9bbecf9e-9fd0-4a65-90dc-b20d80a4587d	LT0010_27/LT0010_27_173_83.tif	Not Large	CP_and_DP	0.1	0.0	Large	Negative_Label	0.9329657795182007
1157	9bbecf9e-9fd0-4a65-90dc-b20d80a4587d	LT0010_27/LT0010_27_173_83.tif	Not Large	CP_and_DP	0.1	0.0	Large	Positive_Label	0.0670342204817993
1158	9bbecf9e-9fd0-4a65-90dc-b20d80a4587d	LT0010_27/LT0010_27_173_83.tif	Not Metaphase	CP_and_DP	0.1	0.2	Metaphase	Negative_Label	0.5096694793275097
1159	9bbecf9e-9fd0-4a65-90dc-b20d80a4587d	LT0010_27/LT0010_27_173_83.tif	Not Metaphase	CP_and_DP	0.1	0.2	Metaphase	Positive_Label	0.4903305206724903
1160	9bbecf9e-9fd0-4a65-90dc-b20d80a4587d	LT0010_27/LT0010_27_173_83.tif	Not MetaphaseAlignment	CP_and_DP	0.1	0.9	MetaphaseAlignment	Negative_Label	0.9774386480186035
1161	9bbecf9e-9fd0-4a65-90dc-b20d80a4587d	LT0010_27/LT0010_27_173_83.tif	Not MetaphaseAlignment	CP_and_DP	0.1	0.9	MetaphaseAlignment	Positive_Label	0.022561351981396527
1162	9bbecf9e-9fd0-4a65-90dc-b20d80a4587d	LT0010_27/LT0010_27_173_83.tif	Not OutOfFocus	CP_and_DP	0.001	0.1	OutOfFocus	Negative_Label	0.653478489386509
1163	9bbecf9e-9fd0-4a65-90dc-b20d80a4587d	LT0010_27/LT0010_27_173_83.tif	Not OutOfFocus	CP_and_DP	0.001	0.1	OutOfFocus	Positive_Label	0.346521510613491
1164	9bbecf9e-9fd0-4a65-90dc-b20d80a4587d	LT0010_27/LT0010_27_173_83.tif	Not Polylobed	CP_and_DP	0.01	0.7000000000000001	Polylobed	Negative_Label	0.7833389149599195
1165	9bbecf9e-9fd0-4a65-90dc-b20d80a4587d	LT0010_27/LT0010_27_173_83.tif	Not Polylobed	CP_and_DP	0.01	0.7000000000000001	Polylobed	Positive_Label	0.21666108504008047
1166	9bbecf9e-9fd0-4a65-90dc-b20d80a4587d	LT0010_27/LT0010_27_173_83.tif	Not Prometaphase	CP_and_DP	0.1	0.5	Prometaphase	Negative_Label	0.99295209482655
1167	9bbecf9e-9fd0-4a65-90dc-b20d80a4587d	LT0010_27/LT0010_27_173_83.tif	Not Prometaphase	CP_and_DP	0.1	0.5	Prometaphase	Positive_Label	0.007047905173450043
1168	9bbecf9e-9fd0-4a65-90dc-b20d80a4587d	LT0010_27/LT0010_27_173_83.tif	Not SmallIrregular	CP_and_DP	0.01	0.0	SmallIrregular	Negative_Label	0.22252939172039743
1169	9bbecf9e-9fd0-4a65-90dc-b20d80a4587d	LT0010_27/LT0010_27_173_83.tif	Not SmallIrregular	CP_and_DP	0.01	0.0	SmallIrregular	Positive_Label	0.7774706082796026
1170	9f4b9044-8882-451e-958f-57baccb90e64	LT0010_27/LT0010_27_173_83.tif	Not ADCCM	CP_and_DP	1.0	0.30000000000000004	ADCCM	Negative_Label	0.03671129248069577
1171	9f4b9044-8882-451e-958f-57baccb90e64	LT0010_27/LT0010_27_173_83.tif	Not ADCCM	CP_and_DP	1.0	0.30000000000000004	ADCCM	Positive_Label	0.9632887075193042
1172	9f4b9044-8882-451e-958f-57baccb90e64	LT0010_27/LT0010_27_173_83.tif	Not Anaphase	CP_and_DP	0.1	0.8	Anaphase	Negative_Label	0.8480892413384068
1173	9f4b9044-8882-451e-958f-57baccb90e64	LT0010_27/LT0010_27_173_83.tif	Not Anaphase	CP_and_DP	0.1	0.8	Anaphase	Positive_Label	0.1519107586615932
1174	9f4b9044-8882-451e-958f-57baccb90e64	LT0010_27/LT0010_27_173_83.tif	Not Apoptosis	CP_and_DP	0.1	0.2	Apoptosis	Negative_Label	0.987555317507119
1175	9f4b9044-8882-451e-958f-57baccb90e64	LT0010_27/LT0010_27_173_83.tif	Not Apoptosis	CP_and_DP	0.1	0.2	Apoptosis	Positive_Label	0.012444682492880998
1176	9f4b9044-8882-451e-958f-57baccb90e64	LT0010_27/LT0010_27_173_83.tif	Not Binuclear	CP_and_DP	0.1	0.1	Binuclear	Negative_Label	0.6490832491148704
1177	9f4b9044-8882-451e-958f-57baccb90e64	LT0010_27/LT0010_27_173_83.tif	Not Binuclear	CP_and_DP	0.1	0.1	Binuclear	Positive_Label	0.35091675088512964
1178	9f4b9044-8882-451e-958f-57baccb90e64	LT0010_27/LT0010_27_173_83.tif	Elongated	CP_and_DP	0.1	0.8	Elongated	Negative_Label	0.5401832457654187
1179	9f4b9044-8882-451e-958f-57baccb90e64	LT0010_27/LT0010_27_173_83.tif	Elongated	CP_and_DP	0.1	0.8	Elongated	Positive_Label	0.45981675423458135
1180	9f4b9044-8882-451e-958f-57baccb90e64	LT0010_27/LT0010_27_173_83.tif	Not Grape	CP_and_DP	0.01	0.2	Grape	Negative_Label	0.6018134298800191
1181	9f4b9044-8882-451e-958f-57baccb90e64	LT0010_27/LT0010_27_173_83.tif	Not Grape	CP_and_DP	0.01	0.2	Grape	Positive_Label	0.39818657011998093
1182	9f4b9044-8882-451e-958f-57baccb90e64	LT0010_27/LT0010_27_173_83.tif	Not Hole	CP_and_DP	1.0	0.4	Hole	Negative_Label	0.8164550491551525
1183	9f4b9044-8882-451e-958f-57baccb90e64	LT0010_27/LT0010_27_173_83.tif	Not Hole	CP_and_DP	1.0	0.4	Hole	Positive_Label	0.18354495084484745
1184	9f4b9044-8882-451e-958f-57baccb90e64	LT0010_27/LT0010_27_173_83.tif	Not Interphase	CP_and_DP	0.1	1.0	Interphase	Negative_Label	0.311503188847433
1185	9f4b9044-8882-451e-958f-57baccb90e64	LT0010_27/LT0010_27_173_83.tif	Not Interphase	CP_and_DP	0.1	1.0	Interphase	Positive_Label	0.688496811152567
1186	9f4b9044-8882-451e-958f-57baccb90e64	LT0010_27/LT0010_27_173_83.tif	Not Large	CP_and_DP	0.1	0.0	Large	Negative_Label	0.01839120085639026
1187	9f4b9044-8882-451e-958f-57baccb90e64	LT0010_27/LT0010_27_173_83.tif	Not Large	CP_and_DP	0.1	0.0	Large	Positive_Label	0.9816087991436098
1188	9f4b9044-8882-451e-958f-57baccb90e64	LT0010_27/LT0010_27_173_83.tif	Not Metaphase	CP_and_DP	0.1	0.2	Metaphase	Negative_Label	0.6652174672962592
1189	9f4b9044-8882-451e-958f-57baccb90e64	LT0010_27/LT0010_27_173_83.tif	Not Metaphase	CP_and_DP	0.1	0.2	Metaphase	Positive_Label	0.3347825327037408
1190	9f4b9044-8882-451e-958f-57baccb90e64	LT0010_27/LT0010_27_173_83.tif	Not MetaphaseAlignment	CP_and_DP	0.1	0.9	MetaphaseAlignment	Negative_Label	0.4464200160283176
1191	9f4b9044-8882-451e-958f-57baccb90e64	LT0010_27/LT0010_27_173_83.tif	Not MetaphaseAlignment	CP_and_DP	0.1	0.9	MetaphaseAlignment	Positive_Label	0.5535799839716824
1192	9f4b9044-8882-451e-958f-57baccb90e64	LT0010_27/LT0010_27_173_83.tif	Not OutOfFocus	CP_and_DP	0.001	0.1	OutOfFocus	Negative_Label	0.694061986133705
1193	9f4b9044-8882-451e-958f-57baccb90e64	LT0010_27/LT0010_27_173_83.tif	Not OutOfFocus	CP_and_DP	0.001	0.1	OutOfFocus	Positive_Label	0.3059380138662951
1194	9f4b9044-8882-451e-958f-57baccb90e64	LT0010_27/LT0010_27_173_83.tif	Not Polylobed	CP_and_DP	0.01	0.7000000000000001	Polylobed	Negative_Label	0.6986548133982857
1195	9f4b9044-8882-451e-958f-57baccb90e64	LT0010_27/LT0010_27_173_83.tif	Not Polylobed	CP_and_DP	0.01	0.7000000000000001	Polylobed	Positive_Label	0.3013451866017143
1196	9f4b9044-8882-451e-958f-57baccb90e64	LT0010_27/LT0010_27_173_83.tif	Not Prometaphase	CP_and_DP	0.1	0.5	Prometaphase	Negative_Label	0.8935647885177427
1197	9f4b9044-8882-451e-958f-57baccb90e64	LT0010_27/LT0010_27_173_83.tif	Not Prometaphase	CP_and_DP	0.1	0.5	Prometaphase	Positive_Label	0.10643521148225728
1198	9f4b9044-8882-451e-958f-57baccb90e64	LT0010_27/LT0010_27_173_83.tif	Not SmallIrregular	CP_and_DP	0.01	0.0	SmallIrregular	Negative_Label	0.765840459585912
1199	9f4b9044-8882-451e-958f-57baccb90e64	LT0010_27/LT0010_27_173_83.tif	Not SmallIrregular	CP_and_DP	0.01	0.0	SmallIrregular	Positive_Label	0.23415954041408807
1200	9f99cd26-b707-4915-81fa-9646d1e19331	LT0010_27/LT0010_27_173_83.tif	Not ADCCM	CP_and_DP	1.0	0.30000000000000004	ADCCM	Negative_Label	0.5720360421957453
1201	9f99cd26-b707-4915-81fa-9646d1e19331	LT0010_27/LT0010_27_173_83.tif	Not ADCCM	CP_and_DP	1.0	0.30000000000000004	ADCCM	Positive_Label	0.42796395780425467
1202	9f99cd26-b707-4915-81fa-9646d1e19331	LT0010_27/LT0010_27_173_83.tif	Not Anaphase	CP_and_DP	0.1	0.8	Anaphase	Negative_Label	0.667526445055512
1203	9f99cd26-b707-4915-81fa-9646d1e19331	LT0010_27/LT0010_27_173_83.tif	Not Anaphase	CP_and_DP	0.1	0.8	Anaphase	Positive_Label	0.33247355494448805
1204	9f99cd26-b707-4915-81fa-9646d1e19331	LT0010_27/LT0010_27_173_83.tif	Not Apoptosis	CP_and_DP	0.1	0.2	Apoptosis	Negative_Label	0.8601143027833752
1205	9f99cd26-b707-4915-81fa-9646d1e19331	LT0010_27/LT0010_27_173_83.tif	Not Apoptosis	CP_and_DP	0.1	0.2	Apoptosis	Positive_Label	0.1398856972166248
1206	9f99cd26-b707-4915-81fa-9646d1e19331	LT0010_27/LT0010_27_173_83.tif	Not Binuclear	CP_and_DP	0.1	0.1	Binuclear	Negative_Label	0.9976946009915953
1207	9f99cd26-b707-4915-81fa-9646d1e19331	LT0010_27/LT0010_27_173_83.tif	Not Binuclear	CP_and_DP	0.1	0.1	Binuclear	Positive_Label	0.0023053990084046516
1208	9f99cd26-b707-4915-81fa-9646d1e19331	LT0010_27/LT0010_27_173_83.tif	Elongated	CP_and_DP	0.1	0.8	Elongated	Negative_Label	0.04791036014720928
1209	9f99cd26-b707-4915-81fa-9646d1e19331	LT0010_27/LT0010_27_173_83.tif	Elongated	CP_and_DP	0.1	0.8	Elongated	Positive_Label	0.9520896398527907
1210	9f99cd26-b707-4915-81fa-9646d1e19331	LT0010_27/LT0010_27_173_83.tif	Not Grape	CP_and_DP	0.01	0.2	Grape	Negative_Label	0.5977683213442995
1211	9f99cd26-b707-4915-81fa-9646d1e19331	LT0010_27/LT0010_27_173_83.tif	Not Grape	CP_and_DP	0.01	0.2	Grape	Positive_Label	0.40223167865570053
1212	9f99cd26-b707-4915-81fa-9646d1e19331	LT0010_27/LT0010_27_173_83.tif	Not Hole	CP_and_DP	1.0	0.4	Hole	Negative_Label	0.9845466158715757
1213	9f99cd26-b707-4915-81fa-9646d1e19331	LT0010_27/LT0010_27_173_83.tif	Not Hole	CP_and_DP	1.0	0.4	Hole	Positive_Label	0.015453384128424341
1214	9f99cd26-b707-4915-81fa-9646d1e19331	LT0010_27/LT0010_27_173_83.tif	Not Interphase	CP_and_DP	0.1	1.0	Interphase	Negative_Label	0.8038267702984231
1215	9f99cd26-b707-4915-81fa-9646d1e19331	LT0010_27/LT0010_27_173_83.tif	Not Interphase	CP_and_DP	0.1	1.0	Interphase	Positive_Label	0.1961732297015769
1216	9f99cd26-b707-4915-81fa-9646d1e19331	LT0010_27/LT0010_27_173_83.tif	Not Large	CP_and_DP	0.1	0.0	Large	Negative_Label	0.8180409866058622
1217	9f99cd26-b707-4915-81fa-9646d1e19331	LT0010_27/LT0010_27_173_83.tif	Not Large	CP_and_DP	0.1	0.0	Large	Positive_Label	0.18195901339413778
1218	9f99cd26-b707-4915-81fa-9646d1e19331	LT0010_27/LT0010_27_173_83.tif	Not Metaphase	CP_and_DP	0.1	0.2	Metaphase	Negative_Label	0.17394641849398088
1219	9f99cd26-b707-4915-81fa-9646d1e19331	LT0010_27/LT0010_27_173_83.tif	Not Metaphase	CP_and_DP	0.1	0.2	Metaphase	Positive_Label	0.8260535815060192
1220	9f99cd26-b707-4915-81fa-9646d1e19331	LT0010_27/LT0010_27_173_83.tif	Not MetaphaseAlignment	CP_and_DP	0.1	0.9	MetaphaseAlignment	Negative_Label	0.6713092295904667
1221	9f99cd26-b707-4915-81fa-9646d1e19331	LT0010_27/LT0010_27_173_83.tif	Not MetaphaseAlignment	CP_and_DP	0.1	0.9	MetaphaseAlignment	Positive_Label	0.3286907704095333
1222	9f99cd26-b707-4915-81fa-9646d1e19331	LT0010_27/LT0010_27_173_83.tif	Not OutOfFocus	CP_and_DP	0.001	0.1	OutOfFocus	Negative_Label	0.7104268864161084
1223	9f99cd26-b707-4915-81fa-9646d1e19331	LT0010_27/LT0010_27_173_83.tif	Not OutOfFocus	CP_and_DP	0.001	0.1	OutOfFocus	Positive_Label	0.2895731135838916
1224	9f99cd26-b707-4915-81fa-9646d1e19331	LT0010_27/LT0010_27_173_83.tif	Not Polylobed	CP_and_DP	0.01	0.7000000000000001	Polylobed	Negative_Label	0.6927302509300184
1225	9f99cd26-b707-4915-81fa-9646d1e19331	LT0010_27/LT0010_27_173_83.tif	Not Polylobed	CP_and_DP	0.01	0.7000000000000001	Polylobed	Positive_Label	0.3072697490699816
1226	9f99cd26-b707-4915-81fa-9646d1e19331	LT0010_27/LT0010_27_173_83.tif	Not Prometaphase	CP_and_DP	0.1	0.5	Prometaphase	Negative_Label	0.9475270196592469
1227	9f99cd26-b707-4915-81fa-9646d1e19331	LT0010_27/LT0010_27_173_83.tif	Not Prometaphase	CP_and_DP	0.1	0.5	Prometaphase	Positive_Label	0.052472980340753116
1228	9f99cd26-b707-4915-81fa-9646d1e19331	LT0010_27/LT0010_27_173_83.tif	Not SmallIrregular	CP_and_DP	0.01	0.0	SmallIrregular	Negative_Label	0.6906680537801786
1229	9f99cd26-b707-4915-81fa-9646d1e19331	LT0010_27/LT0010_27_173_83.tif	Not SmallIrregular	CP_and_DP	0.01	0.0	SmallIrregular	Positive_Label	0.30933194621982146
1230	9fab8311-2c40-405b-bf94-d7b8f252fe6c	LT0010_27/LT0010_27_173_83.tif	Not ADCCM	CP_and_DP	1.0	0.30000000000000004	ADCCM	Negative_Label	0.618020224621891
1231	9fab8311-2c40-405b-bf94-d7b8f252fe6c	LT0010_27/LT0010_27_173_83.tif	Not ADCCM	CP_and_DP	1.0	0.30000000000000004	ADCCM	Positive_Label	0.381979775378109
1232	9fab8311-2c40-405b-bf94-d7b8f252fe6c	LT0010_27/LT0010_27_173_83.tif	Not Anaphase	CP_and_DP	0.1	0.8	Anaphase	Negative_Label	0.5406403110476744
1233	9fab8311-2c40-405b-bf94-d7b8f252fe6c	LT0010_27/LT0010_27_173_83.tif	Not Anaphase	CP_and_DP	0.1	0.8	Anaphase	Positive_Label	0.4593596889523256
1234	9fab8311-2c40-405b-bf94-d7b8f252fe6c	LT0010_27/LT0010_27_173_83.tif	Not Apoptosis	CP_and_DP	0.1	0.2	Apoptosis	Negative_Label	0.959315536078413
1235	9fab8311-2c40-405b-bf94-d7b8f252fe6c	LT0010_27/LT0010_27_173_83.tif	Not Apoptosis	CP_and_DP	0.1	0.2	Apoptosis	Positive_Label	0.04068446392158698
1236	9fab8311-2c40-405b-bf94-d7b8f252fe6c	LT0010_27/LT0010_27_173_83.tif	Not Binuclear	CP_and_DP	0.1	0.1	Binuclear	Negative_Label	0.9899717031539091
1237	9fab8311-2c40-405b-bf94-d7b8f252fe6c	LT0010_27/LT0010_27_173_83.tif	Not Binuclear	CP_and_DP	0.1	0.1	Binuclear	Positive_Label	0.010028296846090856
1238	9fab8311-2c40-405b-bf94-d7b8f252fe6c	LT0010_27/LT0010_27_173_83.tif	Elongated	CP_and_DP	0.1	0.8	Elongated	Negative_Label	0.2871968120902503
1239	9fab8311-2c40-405b-bf94-d7b8f252fe6c	LT0010_27/LT0010_27_173_83.tif	Elongated	CP_and_DP	0.1	0.8	Elongated	Positive_Label	0.7128031879097497
1240	9fab8311-2c40-405b-bf94-d7b8f252fe6c	LT0010_27/LT0010_27_173_83.tif	Not Grape	CP_and_DP	0.01	0.2	Grape	Negative_Label	0.6320118468504115
1241	9fab8311-2c40-405b-bf94-d7b8f252fe6c	LT0010_27/LT0010_27_173_83.tif	Not Grape	CP_and_DP	0.01	0.2	Grape	Positive_Label	0.36798815314958855
1242	9fab8311-2c40-405b-bf94-d7b8f252fe6c	LT0010_27/LT0010_27_173_83.tif	Not Hole	CP_and_DP	1.0	0.4	Hole	Negative_Label	0.6556665580083836
1243	9fab8311-2c40-405b-bf94-d7b8f252fe6c	LT0010_27/LT0010_27_173_83.tif	Not Hole	CP_and_DP	1.0	0.4	Hole	Positive_Label	0.3443334419916164
1244	9fab8311-2c40-405b-bf94-d7b8f252fe6c	LT0010_27/LT0010_27_173_83.tif	Not Interphase	CP_and_DP	0.1	1.0	Interphase	Negative_Label	0.5429784328446721
1245	9fab8311-2c40-405b-bf94-d7b8f252fe6c	LT0010_27/LT0010_27_173_83.tif	Not Interphase	CP_and_DP	0.1	1.0	Interphase	Positive_Label	0.45702156715532793
1246	9fab8311-2c40-405b-bf94-d7b8f252fe6c	LT0010_27/LT0010_27_173_83.tif	Not Large	CP_and_DP	0.1	0.0	Large	Negative_Label	0.9576723843580381
1247	9fab8311-2c40-405b-bf94-d7b8f252fe6c	LT0010_27/LT0010_27_173_83.tif	Not Large	CP_and_DP	0.1	0.0	Large	Positive_Label	0.04232761564196186
1248	9fab8311-2c40-405b-bf94-d7b8f252fe6c	LT0010_27/LT0010_27_173_83.tif	Not Metaphase	CP_and_DP	0.1	0.2	Metaphase	Negative_Label	0.5379010727039468
1249	9fab8311-2c40-405b-bf94-d7b8f252fe6c	LT0010_27/LT0010_27_173_83.tif	Not Metaphase	CP_and_DP	0.1	0.2	Metaphase	Positive_Label	0.4620989272960532
1250	9fab8311-2c40-405b-bf94-d7b8f252fe6c	LT0010_27/LT0010_27_173_83.tif	Not MetaphaseAlignment	CP_and_DP	0.1	0.9	MetaphaseAlignment	Negative_Label	0.9321183328127225
1251	9fab8311-2c40-405b-bf94-d7b8f252fe6c	LT0010_27/LT0010_27_173_83.tif	Not MetaphaseAlignment	CP_and_DP	0.1	0.9	MetaphaseAlignment	Positive_Label	0.0678816671872775
1252	9fab8311-2c40-405b-bf94-d7b8f252fe6c	LT0010_27/LT0010_27_173_83.tif	Not OutOfFocus	CP_and_DP	0.001	0.1	OutOfFocus	Negative_Label	0.6512558768962773
1253	9fab8311-2c40-405b-bf94-d7b8f252fe6c	LT0010_27/LT0010_27_173_83.tif	Not OutOfFocus	CP_and_DP	0.001	0.1	OutOfFocus	Positive_Label	0.34874412310372266
1254	9fab8311-2c40-405b-bf94-d7b8f252fe6c	LT0010_27/LT0010_27_173_83.tif	Not Polylobed	CP_and_DP	0.01	0.7000000000000001	Polylobed	Negative_Label	0.7632117547202506
1255	9fab8311-2c40-405b-bf94-d7b8f252fe6c	LT0010_27/LT0010_27_173_83.tif	Not Polylobed	CP_and_DP	0.01	0.7000000000000001	Polylobed	Positive_Label	0.23678824527974934
1256	9fab8311-2c40-405b-bf94-d7b8f252fe6c	LT0010_27/LT0010_27_173_83.tif	Not Prometaphase	CP_and_DP	0.1	0.5	Prometaphase	Negative_Label	0.9734338881262206
1257	9fab8311-2c40-405b-bf94-d7b8f252fe6c	LT0010_27/LT0010_27_173_83.tif	Not Prometaphase	CP_and_DP	0.1	0.5	Prometaphase	Positive_Label	0.026566111873779483
1258	9fab8311-2c40-405b-bf94-d7b8f252fe6c	LT0010_27/LT0010_27_173_83.tif	Not SmallIrregular	CP_and_DP	0.01	0.0	SmallIrregular	Negative_Label	0.5876527471380973
1259	9fab8311-2c40-405b-bf94-d7b8f252fe6c	LT0010_27/LT0010_27_173_83.tif	Not SmallIrregular	CP_and_DP	0.01	0.0	SmallIrregular	Positive_Label	0.41234725286190266
1260	a271fc91-d68c-4d45-93da-62d1eb0b365e	LT0010_27/LT0010_27_173_83.tif	Not ADCCM	CP_and_DP	1.0	0.30000000000000004	ADCCM	Negative_Label	0.9514034988056206
1261	a271fc91-d68c-4d45-93da-62d1eb0b365e	LT0010_27/LT0010_27_173_83.tif	Not ADCCM	CP_and_DP	1.0	0.30000000000000004	ADCCM	Positive_Label	0.048596501194379416
1262	a271fc91-d68c-4d45-93da-62d1eb0b365e	LT0010_27/LT0010_27_173_83.tif	Not Anaphase	CP_and_DP	0.1	0.8	Anaphase	Negative_Label	0.5749915927398941
1263	a271fc91-d68c-4d45-93da-62d1eb0b365e	LT0010_27/LT0010_27_173_83.tif	Not Anaphase	CP_and_DP	0.1	0.8	Anaphase	Positive_Label	0.4250084072601059
1264	a271fc91-d68c-4d45-93da-62d1eb0b365e	LT0010_27/LT0010_27_173_83.tif	Not Apoptosis	CP_and_DP	0.1	0.2	Apoptosis	Negative_Label	0.9944395302812364
1265	a271fc91-d68c-4d45-93da-62d1eb0b365e	LT0010_27/LT0010_27_173_83.tif	Not Apoptosis	CP_and_DP	0.1	0.2	Apoptosis	Positive_Label	0.005560469718763561
1266	a271fc91-d68c-4d45-93da-62d1eb0b365e	LT0010_27/LT0010_27_173_83.tif	Not Binuclear	CP_and_DP	0.1	0.1	Binuclear	Negative_Label	0.9997499587806675
1267	a271fc91-d68c-4d45-93da-62d1eb0b365e	LT0010_27/LT0010_27_173_83.tif	Not Binuclear	CP_and_DP	0.1	0.1	Binuclear	Positive_Label	0.00025004121933247525
1268	a271fc91-d68c-4d45-93da-62d1eb0b365e	LT0010_27/LT0010_27_173_83.tif	Elongated	CP_and_DP	0.1	0.8	Elongated	Negative_Label	0.10588009009301862
1269	a271fc91-d68c-4d45-93da-62d1eb0b365e	LT0010_27/LT0010_27_173_83.tif	Elongated	CP_and_DP	0.1	0.8	Elongated	Positive_Label	0.8941199099069814
1270	a271fc91-d68c-4d45-93da-62d1eb0b365e	LT0010_27/LT0010_27_173_83.tif	Not Grape	CP_and_DP	0.01	0.2	Grape	Negative_Label	0.6653335945019974
1271	a271fc91-d68c-4d45-93da-62d1eb0b365e	LT0010_27/LT0010_27_173_83.tif	Not Grape	CP_and_DP	0.01	0.2	Grape	Positive_Label	0.33466640549800264
1272	a271fc91-d68c-4d45-93da-62d1eb0b365e	LT0010_27/LT0010_27_173_83.tif	Not Hole	CP_and_DP	1.0	0.4	Hole	Negative_Label	0.9756473944612452
1273	a271fc91-d68c-4d45-93da-62d1eb0b365e	LT0010_27/LT0010_27_173_83.tif	Not Hole	CP_and_DP	1.0	0.4	Hole	Positive_Label	0.024352605538754846
1274	a271fc91-d68c-4d45-93da-62d1eb0b365e	LT0010_27/LT0010_27_173_83.tif	Not Interphase	CP_and_DP	0.1	1.0	Interphase	Negative_Label	0.3831427715137423
1275	a271fc91-d68c-4d45-93da-62d1eb0b365e	LT0010_27/LT0010_27_173_83.tif	Not Interphase	CP_and_DP	0.1	1.0	Interphase	Positive_Label	0.6168572284862577
1276	a271fc91-d68c-4d45-93da-62d1eb0b365e	LT0010_27/LT0010_27_173_83.tif	Not Large	CP_and_DP	0.1	0.0	Large	Negative_Label	0.9946101230764958
1277	a271fc91-d68c-4d45-93da-62d1eb0b365e	LT0010_27/LT0010_27_173_83.tif	Not Large	CP_and_DP	0.1	0.0	Large	Positive_Label	0.005389876923504233
1278	a271fc91-d68c-4d45-93da-62d1eb0b365e	LT0010_27/LT0010_27_173_83.tif	Not Metaphase	CP_and_DP	0.1	0.2	Metaphase	Negative_Label	0.5933782222663299
1279	a271fc91-d68c-4d45-93da-62d1eb0b365e	LT0010_27/LT0010_27_173_83.tif	Not Metaphase	CP_and_DP	0.1	0.2	Metaphase	Positive_Label	0.40662177773367014
1280	a271fc91-d68c-4d45-93da-62d1eb0b365e	LT0010_27/LT0010_27_173_83.tif	Not MetaphaseAlignment	CP_and_DP	0.1	0.9	MetaphaseAlignment	Negative_Label	0.8725669620126751
1281	a271fc91-d68c-4d45-93da-62d1eb0b365e	LT0010_27/LT0010_27_173_83.tif	Not MetaphaseAlignment	CP_and_DP	0.1	0.9	MetaphaseAlignment	Positive_Label	0.12743303798732486
1282	a271fc91-d68c-4d45-93da-62d1eb0b365e	LT0010_27/LT0010_27_173_83.tif	Not OutOfFocus	CP_and_DP	0.001	0.1	OutOfFocus	Negative_Label	0.6749982277619997
1283	a271fc91-d68c-4d45-93da-62d1eb0b365e	LT0010_27/LT0010_27_173_83.tif	Not OutOfFocus	CP_and_DP	0.001	0.1	OutOfFocus	Positive_Label	0.3250017722380003
1284	a271fc91-d68c-4d45-93da-62d1eb0b365e	LT0010_27/LT0010_27_173_83.tif	Not Polylobed	CP_and_DP	0.01	0.7000000000000001	Polylobed	Negative_Label	0.7839553302586043
1285	a271fc91-d68c-4d45-93da-62d1eb0b365e	LT0010_27/LT0010_27_173_83.tif	Not Polylobed	CP_and_DP	0.01	0.7000000000000001	Polylobed	Positive_Label	0.21604466974139566
1286	a271fc91-d68c-4d45-93da-62d1eb0b365e	LT0010_27/LT0010_27_173_83.tif	Not Prometaphase	CP_and_DP	0.1	0.5	Prometaphase	Negative_Label	0.9899328466497928
1287	a271fc91-d68c-4d45-93da-62d1eb0b365e	LT0010_27/LT0010_27_173_83.tif	Not Prometaphase	CP_and_DP	0.1	0.5	Prometaphase	Positive_Label	0.010067153350207232
1288	a271fc91-d68c-4d45-93da-62d1eb0b365e	LT0010_27/LT0010_27_173_83.tif	Not SmallIrregular	CP_and_DP	0.01	0.0	SmallIrregular	Negative_Label	0.9135194096903937
1289	a271fc91-d68c-4d45-93da-62d1eb0b365e	LT0010_27/LT0010_27_173_83.tif	Not SmallIrregular	CP_and_DP	0.01	0.0	SmallIrregular	Positive_Label	0.0864805903096063
1290	cec7234f-fe35-4411-aded-f8112bb31219	LT0010_27/LT0010_27_173_83.tif	Not ADCCM	CP_and_DP	1.0	0.30000000000000004	ADCCM	Negative_Label	0.8420609218208306
1291	cec7234f-fe35-4411-aded-f8112bb31219	LT0010_27/LT0010_27_173_83.tif	Not ADCCM	CP_and_DP	1.0	0.30000000000000004	ADCCM	Positive_Label	0.1579390781791694
1292	cec7234f-fe35-4411-aded-f8112bb31219	LT0010_27/LT0010_27_173_83.tif	Not Anaphase	CP_and_DP	0.1	0.8	Anaphase	Negative_Label	0.3232108673362867
1293	cec7234f-fe35-4411-aded-f8112bb31219	LT0010_27/LT0010_27_173_83.tif	Not Anaphase	CP_and_DP	0.1	0.8	Anaphase	Positive_Label	0.6767891326637133
1294	cec7234f-fe35-4411-aded-f8112bb31219	LT0010_27/LT0010_27_173_83.tif	Not Apoptosis	CP_and_DP	0.1	0.2	Apoptosis	Negative_Label	0.9964183820911119
1295	cec7234f-fe35-4411-aded-f8112bb31219	LT0010_27/LT0010_27_173_83.tif	Not Apoptosis	CP_and_DP	0.1	0.2	Apoptosis	Positive_Label	0.003581617908888113
1296	cec7234f-fe35-4411-aded-f8112bb31219	LT0010_27/LT0010_27_173_83.tif	Not Binuclear	CP_and_DP	0.1	0.1	Binuclear	Negative_Label	0.9932483556998889
1297	cec7234f-fe35-4411-aded-f8112bb31219	LT0010_27/LT0010_27_173_83.tif	Not Binuclear	CP_and_DP	0.1	0.1	Binuclear	Positive_Label	0.006751644300111104
1298	cec7234f-fe35-4411-aded-f8112bb31219	LT0010_27/LT0010_27_173_83.tif	Not Elongated	CP_and_DP	0.1	0.8	Elongated	Negative_Label	0.25004156289986346
1299	cec7234f-fe35-4411-aded-f8112bb31219	LT0010_27/LT0010_27_173_83.tif	Not Elongated	CP_and_DP	0.1	0.8	Elongated	Positive_Label	0.7499584371001365
1300	cec7234f-fe35-4411-aded-f8112bb31219	LT0010_27/LT0010_27_173_83.tif	Not Grape	CP_and_DP	0.01	0.2	Grape	Negative_Label	0.6157831213770706
1301	cec7234f-fe35-4411-aded-f8112bb31219	LT0010_27/LT0010_27_173_83.tif	Not Grape	CP_and_DP	0.01	0.2	Grape	Positive_Label	0.3842168786229294
1302	cec7234f-fe35-4411-aded-f8112bb31219	LT0010_27/LT0010_27_173_83.tif	Not Hole	CP_and_DP	1.0	0.4	Hole	Negative_Label	0.25468256104489706
1303	cec7234f-fe35-4411-aded-f8112bb31219	LT0010_27/LT0010_27_173_83.tif	Not Hole	CP_and_DP	1.0	0.4	Hole	Positive_Label	0.7453174389551029
1304	cec7234f-fe35-4411-aded-f8112bb31219	LT0010_27/LT0010_27_173_83.tif	Not Interphase	CP_and_DP	0.1	1.0	Interphase	Negative_Label	0.5800589412142929
1305	cec7234f-fe35-4411-aded-f8112bb31219	LT0010_27/LT0010_27_173_83.tif	Not Interphase	CP_and_DP	0.1	1.0	Interphase	Positive_Label	0.4199410587857071
1306	cec7234f-fe35-4411-aded-f8112bb31219	LT0010_27/LT0010_27_173_83.tif	Large	CP_and_DP	0.1	0.0	Large	Negative_Label	0.9966225466117615
1307	cec7234f-fe35-4411-aded-f8112bb31219	LT0010_27/LT0010_27_173_83.tif	Large	CP_and_DP	0.1	0.0	Large	Positive_Label	0.0033774533882384716
1308	cec7234f-fe35-4411-aded-f8112bb31219	LT0010_27/LT0010_27_173_83.tif	Not Metaphase	CP_and_DP	0.1	0.2	Metaphase	Negative_Label	0.5453855193231
1309	cec7234f-fe35-4411-aded-f8112bb31219	LT0010_27/LT0010_27_173_83.tif	Not Metaphase	CP_and_DP	0.1	0.2	Metaphase	Positive_Label	0.4546144806769
1310	cec7234f-fe35-4411-aded-f8112bb31219	LT0010_27/LT0010_27_173_83.tif	Not MetaphaseAlignment	CP_and_DP	0.1	0.9	MetaphaseAlignment	Negative_Label	0.8819890062491066
1311	cec7234f-fe35-4411-aded-f8112bb31219	LT0010_27/LT0010_27_173_83.tif	Not MetaphaseAlignment	CP_and_DP	0.1	0.9	MetaphaseAlignment	Positive_Label	0.11801099375089341
1312	cec7234f-fe35-4411-aded-f8112bb31219	LT0010_27/LT0010_27_173_83.tif	Not OutOfFocus	CP_and_DP	0.001	0.1	OutOfFocus	Negative_Label	0.6391114057322729
1313	cec7234f-fe35-4411-aded-f8112bb31219	LT0010_27/LT0010_27_173_83.tif	Not OutOfFocus	CP_and_DP	0.001	0.1	OutOfFocus	Positive_Label	0.3608885942677271
1314	cec7234f-fe35-4411-aded-f8112bb31219	LT0010_27/LT0010_27_173_83.tif	Not Polylobed	CP_and_DP	0.01	0.7000000000000001	Polylobed	Negative_Label	0.7797800060578145
1315	cec7234f-fe35-4411-aded-f8112bb31219	LT0010_27/LT0010_27_173_83.tif	Not Polylobed	CP_and_DP	0.01	0.7000000000000001	Polylobed	Positive_Label	0.2202199939421855
1316	cec7234f-fe35-4411-aded-f8112bb31219	LT0010_27/LT0010_27_173_83.tif	Not Prometaphase	CP_and_DP	0.1	0.5	Prometaphase	Negative_Label	0.972770781135917
1317	cec7234f-fe35-4411-aded-f8112bb31219	LT0010_27/LT0010_27_173_83.tif	Not Prometaphase	CP_and_DP	0.1	0.5	Prometaphase	Positive_Label	0.027229218864083034
1318	cec7234f-fe35-4411-aded-f8112bb31219	LT0010_27/LT0010_27_173_83.tif	Not SmallIrregular	CP_and_DP	0.01	0.0	SmallIrregular	Negative_Label	0.5897232488750809
1319	cec7234f-fe35-4411-aded-f8112bb31219	LT0010_27/LT0010_27_173_83.tif	Not SmallIrregular	CP_and_DP	0.01	0.0	SmallIrregular	Positive_Label	0.4102767511249191
1320	d2187d10-eff4-4be1-9bbd-4771844dce1f	LT0010_27/LT0010_27_173_83.tif	Not ADCCM	CP_and_DP	1.0	0.30000000000000004	ADCCM	Negative_Label	0.9903747900230437
1321	d2187d10-eff4-4be1-9bbd-4771844dce1f	LT0010_27/LT0010_27_173_83.tif	Not ADCCM	CP_and_DP	1.0	0.30000000000000004	ADCCM	Positive_Label	0.009625209976956262
1322	d2187d10-eff4-4be1-9bbd-4771844dce1f	LT0010_27/LT0010_27_173_83.tif	Not Anaphase	CP_and_DP	0.1	0.8	Anaphase	Negative_Label	0.5837907332149679
1323	d2187d10-eff4-4be1-9bbd-4771844dce1f	LT0010_27/LT0010_27_173_83.tif	Not Anaphase	CP_and_DP	0.1	0.8	Anaphase	Positive_Label	0.4162092667850321
1324	d2187d10-eff4-4be1-9bbd-4771844dce1f	LT0010_27/LT0010_27_173_83.tif	Not Apoptosis	CP_and_DP	0.1	0.2	Apoptosis	Negative_Label	0.9990431175666189
1325	d2187d10-eff4-4be1-9bbd-4771844dce1f	LT0010_27/LT0010_27_173_83.tif	Not Apoptosis	CP_and_DP	0.1	0.2	Apoptosis	Positive_Label	0.000956882433381101
1326	d2187d10-eff4-4be1-9bbd-4771844dce1f	LT0010_27/LT0010_27_173_83.tif	Not Binuclear	CP_and_DP	0.1	0.1	Binuclear	Negative_Label	0.9995211901335364
1327	d2187d10-eff4-4be1-9bbd-4771844dce1f	LT0010_27/LT0010_27_173_83.tif	Not Binuclear	CP_and_DP	0.1	0.1	Binuclear	Positive_Label	0.00047880986646364754
1328	d2187d10-eff4-4be1-9bbd-4771844dce1f	LT0010_27/LT0010_27_173_83.tif	Elongated	CP_and_DP	0.1	0.8	Elongated	Negative_Label	0.03740429561842076
1329	d2187d10-eff4-4be1-9bbd-4771844dce1f	LT0010_27/LT0010_27_173_83.tif	Elongated	CP_and_DP	0.1	0.8	Elongated	Positive_Label	0.9625957043815793
1330	d2187d10-eff4-4be1-9bbd-4771844dce1f	LT0010_27/LT0010_27_173_83.tif	Not Grape	CP_and_DP	0.01	0.2	Grape	Negative_Label	0.645030457070107
1331	d2187d10-eff4-4be1-9bbd-4771844dce1f	LT0010_27/LT0010_27_173_83.tif	Not Grape	CP_and_DP	0.01	0.2	Grape	Positive_Label	0.354969542929893
1332	d2187d10-eff4-4be1-9bbd-4771844dce1f	LT0010_27/LT0010_27_173_83.tif	Not Hole	CP_and_DP	1.0	0.4	Hole	Negative_Label	0.9384746397990382
1333	d2187d10-eff4-4be1-9bbd-4771844dce1f	LT0010_27/LT0010_27_173_83.tif	Not Hole	CP_and_DP	1.0	0.4	Hole	Positive_Label	0.061525360200961776
1334	d2187d10-eff4-4be1-9bbd-4771844dce1f	LT0010_27/LT0010_27_173_83.tif	Not Interphase	CP_and_DP	0.1	1.0	Interphase	Negative_Label	0.7193341098940031
1335	d2187d10-eff4-4be1-9bbd-4771844dce1f	LT0010_27/LT0010_27_173_83.tif	Not Interphase	CP_and_DP	0.1	1.0	Interphase	Positive_Label	0.28066589010599685
1336	d2187d10-eff4-4be1-9bbd-4771844dce1f	LT0010_27/LT0010_27_173_83.tif	Not Large	CP_and_DP	0.1	0.0	Large	Negative_Label	0.9466315196859909
1337	d2187d10-eff4-4be1-9bbd-4771844dce1f	LT0010_27/LT0010_27_173_83.tif	Not Large	CP_and_DP	0.1	0.0	Large	Positive_Label	0.05336848031400909
1338	d2187d10-eff4-4be1-9bbd-4771844dce1f	LT0010_27/LT0010_27_173_83.tif	Not Metaphase	CP_and_DP	0.1	0.2	Metaphase	Negative_Label	0.7004187349547997
1339	d2187d10-eff4-4be1-9bbd-4771844dce1f	LT0010_27/LT0010_27_173_83.tif	Not Metaphase	CP_and_DP	0.1	0.2	Metaphase	Positive_Label	0.29958126504520033
1340	d2187d10-eff4-4be1-9bbd-4771844dce1f	LT0010_27/LT0010_27_173_83.tif	Not MetaphaseAlignment	CP_and_DP	0.1	0.9	MetaphaseAlignment	Negative_Label	0.7541228260514742
1341	d2187d10-eff4-4be1-9bbd-4771844dce1f	LT0010_27/LT0010_27_173_83.tif	Not MetaphaseAlignment	CP_and_DP	0.1	0.9	MetaphaseAlignment	Positive_Label	0.24587717394852582
1342	d2187d10-eff4-4be1-9bbd-4771844dce1f	LT0010_27/LT0010_27_173_83.tif	Not OutOfFocus	CP_and_DP	0.001	0.1	OutOfFocus	Negative_Label	0.6894930187596409
1343	d2187d10-eff4-4be1-9bbd-4771844dce1f	LT0010_27/LT0010_27_173_83.tif	Not OutOfFocus	CP_and_DP	0.001	0.1	OutOfFocus	Positive_Label	0.31050698124035914
1344	d2187d10-eff4-4be1-9bbd-4771844dce1f	LT0010_27/LT0010_27_173_83.tif	Not Polylobed	CP_and_DP	0.01	0.7000000000000001	Polylobed	Negative_Label	0.7458785783652507
1345	d2187d10-eff4-4be1-9bbd-4771844dce1f	LT0010_27/LT0010_27_173_83.tif	Not Polylobed	CP_and_DP	0.01	0.7000000000000001	Polylobed	Positive_Label	0.25412142163474927
1346	d2187d10-eff4-4be1-9bbd-4771844dce1f	LT0010_27/LT0010_27_173_83.tif	Not Prometaphase	CP_and_DP	0.1	0.5	Prometaphase	Negative_Label	0.9990836351862963
1347	d2187d10-eff4-4be1-9bbd-4771844dce1f	LT0010_27/LT0010_27_173_83.tif	Not Prometaphase	CP_and_DP	0.1	0.5	Prometaphase	Positive_Label	0.0009163648137036759
1348	d2187d10-eff4-4be1-9bbd-4771844dce1f	LT0010_27/LT0010_27_173_83.tif	Not SmallIrregular	CP_and_DP	0.01	0.0	SmallIrregular	Negative_Label	0.5331091194058379
1349	d2187d10-eff4-4be1-9bbd-4771844dce1f	LT0010_27/LT0010_27_173_83.tif	Not SmallIrregular	CP_and_DP	0.01	0.0	SmallIrregular	Positive_Label	0.46689088059416206
1350	d4b75ce8-18b0-434b-9436-4decbff1aead	LT0010_27/LT0010_27_173_83.tif	Not ADCCM	CP_and_DP	1.0	0.30000000000000004	ADCCM	Negative_Label	0.9043805237706938
1351	d4b75ce8-18b0-434b-9436-4decbff1aead	LT0010_27/LT0010_27_173_83.tif	Not ADCCM	CP_and_DP	1.0	0.30000000000000004	ADCCM	Positive_Label	0.09561947622930622
1352	d4b75ce8-18b0-434b-9436-4decbff1aead	LT0010_27/LT0010_27_173_83.tif	Not Anaphase	CP_and_DP	0.1	0.8	Anaphase	Negative_Label	0.5259320978181491
1353	d4b75ce8-18b0-434b-9436-4decbff1aead	LT0010_27/LT0010_27_173_83.tif	Not Anaphase	CP_and_DP	0.1	0.8	Anaphase	Positive_Label	0.4740679021818509
1354	d4b75ce8-18b0-434b-9436-4decbff1aead	LT0010_27/LT0010_27_173_83.tif	Not Apoptosis	CP_and_DP	0.1	0.2	Apoptosis	Negative_Label	0.9680654366880395
1355	d4b75ce8-18b0-434b-9436-4decbff1aead	LT0010_27/LT0010_27_173_83.tif	Not Apoptosis	CP_and_DP	0.1	0.2	Apoptosis	Positive_Label	0.03193456331196054
1356	d4b75ce8-18b0-434b-9436-4decbff1aead	LT0010_27/LT0010_27_173_83.tif	Not Binuclear	CP_and_DP	0.1	0.1	Binuclear	Negative_Label	0.9972834422820476
1357	d4b75ce8-18b0-434b-9436-4decbff1aead	LT0010_27/LT0010_27_173_83.tif	Not Binuclear	CP_and_DP	0.1	0.1	Binuclear	Positive_Label	0.002716557717952428
1358	d4b75ce8-18b0-434b-9436-4decbff1aead	LT0010_27/LT0010_27_173_83.tif	Elongated	CP_and_DP	0.1	0.8	Elongated	Negative_Label	0.07827565283404654
1359	d4b75ce8-18b0-434b-9436-4decbff1aead	LT0010_27/LT0010_27_173_83.tif	Elongated	CP_and_DP	0.1	0.8	Elongated	Positive_Label	0.9217243471659534
1360	d4b75ce8-18b0-434b-9436-4decbff1aead	LT0010_27/LT0010_27_173_83.tif	Not Grape	CP_and_DP	0.01	0.2	Grape	Negative_Label	0.6129627049016856
1361	d4b75ce8-18b0-434b-9436-4decbff1aead	LT0010_27/LT0010_27_173_83.tif	Not Grape	CP_and_DP	0.01	0.2	Grape	Positive_Label	0.3870372950983144
1362	d4b75ce8-18b0-434b-9436-4decbff1aead	LT0010_27/LT0010_27_173_83.tif	Not Hole	CP_and_DP	1.0	0.4	Hole	Negative_Label	0.9750336415870381
1363	d4b75ce8-18b0-434b-9436-4decbff1aead	LT0010_27/LT0010_27_173_83.tif	Not Hole	CP_and_DP	1.0	0.4	Hole	Positive_Label	0.02496635841296191
1364	d4b75ce8-18b0-434b-9436-4decbff1aead	LT0010_27/LT0010_27_173_83.tif	Not Interphase	CP_and_DP	0.1	1.0	Interphase	Negative_Label	0.8152724486572027
1365	d4b75ce8-18b0-434b-9436-4decbff1aead	LT0010_27/LT0010_27_173_83.tif	Not Interphase	CP_and_DP	0.1	1.0	Interphase	Positive_Label	0.18472755134279728
1366	d4b75ce8-18b0-434b-9436-4decbff1aead	LT0010_27/LT0010_27_173_83.tif	Not Large	CP_and_DP	0.1	0.0	Large	Negative_Label	0.8881157136014106
1367	d4b75ce8-18b0-434b-9436-4decbff1aead	LT0010_27/LT0010_27_173_83.tif	Not Large	CP_and_DP	0.1	0.0	Large	Positive_Label	0.11188428639858938
1368	d4b75ce8-18b0-434b-9436-4decbff1aead	LT0010_27/LT0010_27_173_83.tif	Not Metaphase	CP_and_DP	0.1	0.2	Metaphase	Negative_Label	0.2541777996150116
1369	d4b75ce8-18b0-434b-9436-4decbff1aead	LT0010_27/LT0010_27_173_83.tif	Not Metaphase	CP_and_DP	0.1	0.2	Metaphase	Positive_Label	0.7458222003849884
1370	d4b75ce8-18b0-434b-9436-4decbff1aead	LT0010_27/LT0010_27_173_83.tif	Not MetaphaseAlignment	CP_and_DP	0.1	0.9	MetaphaseAlignment	Negative_Label	0.8935842246432985
1371	d4b75ce8-18b0-434b-9436-4decbff1aead	LT0010_27/LT0010_27_173_83.tif	Not MetaphaseAlignment	CP_and_DP	0.1	0.9	MetaphaseAlignment	Positive_Label	0.10641577535670155
1372	d4b75ce8-18b0-434b-9436-4decbff1aead	LT0010_27/LT0010_27_173_83.tif	Not OutOfFocus	CP_and_DP	0.001	0.1	OutOfFocus	Negative_Label	0.6553700190626635
1373	d4b75ce8-18b0-434b-9436-4decbff1aead	LT0010_27/LT0010_27_173_83.tif	Not OutOfFocus	CP_and_DP	0.001	0.1	OutOfFocus	Positive_Label	0.3446299809373366
1374	d4b75ce8-18b0-434b-9436-4decbff1aead	LT0010_27/LT0010_27_173_83.tif	Not Polylobed	CP_and_DP	0.01	0.7000000000000001	Polylobed	Negative_Label	0.6397732838062802
1375	d4b75ce8-18b0-434b-9436-4decbff1aead	LT0010_27/LT0010_27_173_83.tif	Not Polylobed	CP_and_DP	0.01	0.7000000000000001	Polylobed	Positive_Label	0.3602267161937198
1376	d4b75ce8-18b0-434b-9436-4decbff1aead	LT0010_27/LT0010_27_173_83.tif	Not Prometaphase	CP_and_DP	0.1	0.5	Prometaphase	Negative_Label	0.9888724211074164
1377	d4b75ce8-18b0-434b-9436-4decbff1aead	LT0010_27/LT0010_27_173_83.tif	Not Prometaphase	CP_and_DP	0.1	0.5	Prometaphase	Positive_Label	0.011127578892583617
1378	d4b75ce8-18b0-434b-9436-4decbff1aead	LT0010_27/LT0010_27_173_83.tif	Not SmallIrregular	CP_and_DP	0.01	0.0	SmallIrregular	Negative_Label	0.7781395341575543
1379	d4b75ce8-18b0-434b-9436-4decbff1aead	LT0010_27/LT0010_27_173_83.tif	Not SmallIrregular	CP_and_DP	0.01	0.0	SmallIrregular	Positive_Label	0.2218604658424457
1380	defefcd5-4b2e-4bb9-b42f-5f0a00066307	LT0010_27/LT0010_27_173_83.tif	Not ADCCM	CP_and_DP	1.0	0.30000000000000004	ADCCM	Negative_Label	0.8584480896316544
1381	defefcd5-4b2e-4bb9-b42f-5f0a00066307	LT0010_27/LT0010_27_173_83.tif	Not ADCCM	CP_and_DP	1.0	0.30000000000000004	ADCCM	Positive_Label	0.14155191036834558
1382	defefcd5-4b2e-4bb9-b42f-5f0a00066307	LT0010_27/LT0010_27_173_83.tif	Not Anaphase	CP_and_DP	0.1	0.8	Anaphase	Negative_Label	0.28029808230651293
1383	defefcd5-4b2e-4bb9-b42f-5f0a00066307	LT0010_27/LT0010_27_173_83.tif	Not Anaphase	CP_and_DP	0.1	0.8	Anaphase	Positive_Label	0.7197019176934871
1384	defefcd5-4b2e-4bb9-b42f-5f0a00066307	LT0010_27/LT0010_27_173_83.tif	Not Apoptosis	CP_and_DP	0.1	0.2	Apoptosis	Negative_Label	0.9957578778771855
1385	defefcd5-4b2e-4bb9-b42f-5f0a00066307	LT0010_27/LT0010_27_173_83.tif	Not Apoptosis	CP_and_DP	0.1	0.2	Apoptosis	Positive_Label	0.004242122122814496
1386	defefcd5-4b2e-4bb9-b42f-5f0a00066307	LT0010_27/LT0010_27_173_83.tif	Not Binuclear	CP_and_DP	0.1	0.1	Binuclear	Negative_Label	0.9897852558237298
1387	defefcd5-4b2e-4bb9-b42f-5f0a00066307	LT0010_27/LT0010_27_173_83.tif	Not Binuclear	CP_and_DP	0.1	0.1	Binuclear	Positive_Label	0.010214744176270218
1388	defefcd5-4b2e-4bb9-b42f-5f0a00066307	LT0010_27/LT0010_27_173_83.tif	Elongated	CP_and_DP	0.1	0.8	Elongated	Negative_Label	0.28732372184866684
1389	defefcd5-4b2e-4bb9-b42f-5f0a00066307	LT0010_27/LT0010_27_173_83.tif	Elongated	CP_and_DP	0.1	0.8	Elongated	Positive_Label	0.7126762781513332
1390	defefcd5-4b2e-4bb9-b42f-5f0a00066307	LT0010_27/LT0010_27_173_83.tif	Not Grape	CP_and_DP	0.01	0.2	Grape	Negative_Label	0.6080970351164817
1391	defefcd5-4b2e-4bb9-b42f-5f0a00066307	LT0010_27/LT0010_27_173_83.tif	Not Grape	CP_and_DP	0.01	0.2	Grape	Positive_Label	0.3919029648835183
1392	defefcd5-4b2e-4bb9-b42f-5f0a00066307	LT0010_27/LT0010_27_173_83.tif	Not Hole	CP_and_DP	1.0	0.4	Hole	Negative_Label	0.8719896647894704
1393	defefcd5-4b2e-4bb9-b42f-5f0a00066307	LT0010_27/LT0010_27_173_83.tif	Not Hole	CP_and_DP	1.0	0.4	Hole	Positive_Label	0.12801033521052962
1394	defefcd5-4b2e-4bb9-b42f-5f0a00066307	LT0010_27/LT0010_27_173_83.tif	Not Interphase	CP_and_DP	0.1	1.0	Interphase	Negative_Label	0.7829246867457604
1395	defefcd5-4b2e-4bb9-b42f-5f0a00066307	LT0010_27/LT0010_27_173_83.tif	Not Interphase	CP_and_DP	0.1	1.0	Interphase	Positive_Label	0.21707531325423957
1396	defefcd5-4b2e-4bb9-b42f-5f0a00066307	LT0010_27/LT0010_27_173_83.tif	Not Large	CP_and_DP	0.1	0.0	Large	Negative_Label	0.9990254884165302
1397	defefcd5-4b2e-4bb9-b42f-5f0a00066307	LT0010_27/LT0010_27_173_83.tif	Not Large	CP_and_DP	0.1	0.0	Large	Positive_Label	0.0009745115834698392
1398	defefcd5-4b2e-4bb9-b42f-5f0a00066307	LT0010_27/LT0010_27_173_83.tif	Not Metaphase	CP_and_DP	0.1	0.2	Metaphase	Negative_Label	0.37913672288648187
1399	defefcd5-4b2e-4bb9-b42f-5f0a00066307	LT0010_27/LT0010_27_173_83.tif	Not Metaphase	CP_and_DP	0.1	0.2	Metaphase	Positive_Label	0.6208632771135181
1400	defefcd5-4b2e-4bb9-b42f-5f0a00066307	LT0010_27/LT0010_27_173_83.tif	Not MetaphaseAlignment	CP_and_DP	0.1	0.9	MetaphaseAlignment	Negative_Label	0.9658282514386641
1401	defefcd5-4b2e-4bb9-b42f-5f0a00066307	LT0010_27/LT0010_27_173_83.tif	Not MetaphaseAlignment	CP_and_DP	0.1	0.9	MetaphaseAlignment	Positive_Label	0.03417174856133587
1402	defefcd5-4b2e-4bb9-b42f-5f0a00066307	LT0010_27/LT0010_27_173_83.tif	Not OutOfFocus	CP_and_DP	0.001	0.1	OutOfFocus	Negative_Label	0.6285925103019046
1403	defefcd5-4b2e-4bb9-b42f-5f0a00066307	LT0010_27/LT0010_27_173_83.tif	Not OutOfFocus	CP_and_DP	0.001	0.1	OutOfFocus	Positive_Label	0.3714074896980955
1404	defefcd5-4b2e-4bb9-b42f-5f0a00066307	LT0010_27/LT0010_27_173_83.tif	Not Polylobed	CP_and_DP	0.01	0.7000000000000001	Polylobed	Negative_Label	0.7437154590616488
1405	defefcd5-4b2e-4bb9-b42f-5f0a00066307	LT0010_27/LT0010_27_173_83.tif	Not Polylobed	CP_and_DP	0.01	0.7000000000000001	Polylobed	Positive_Label	0.2562845409383512
1406	defefcd5-4b2e-4bb9-b42f-5f0a00066307	LT0010_27/LT0010_27_173_83.tif	Not Prometaphase	CP_and_DP	0.1	0.5	Prometaphase	Negative_Label	0.9751886356435565
1407	defefcd5-4b2e-4bb9-b42f-5f0a00066307	LT0010_27/LT0010_27_173_83.tif	Not Prometaphase	CP_and_DP	0.1	0.5	Prometaphase	Positive_Label	0.02481136435644352
1408	defefcd5-4b2e-4bb9-b42f-5f0a00066307	LT0010_27/LT0010_27_173_83.tif	Not SmallIrregular	CP_and_DP	0.01	0.0	SmallIrregular	Negative_Label	0.8003314563183432
1409	defefcd5-4b2e-4bb9-b42f-5f0a00066307	LT0010_27/LT0010_27_173_83.tif	Not SmallIrregular	CP_and_DP	0.01	0.0	SmallIrregular	Positive_Label	0.19966854368165676
1410	f74ce97f-5862-419b-a9a8-44ad53d332a2	LT0010_27/LT0010_27_173_83.tif	Not ADCCM	CP_and_DP	1.0	0.30000000000000004	ADCCM	Negative_Label	0.9990956781107255
1411	f74ce97f-5862-419b-a9a8-44ad53d332a2	LT0010_27/LT0010_27_173_83.tif	Not ADCCM	CP_and_DP	1.0	0.30000000000000004	ADCCM	Positive_Label	0.0009043218892744731
1412	f74ce97f-5862-419b-a9a8-44ad53d332a2	LT0010_27/LT0010_27_173_83.tif	Not Anaphase	CP_and_DP	0.1	0.8	Anaphase	Negative_Label	0.8556841836700138
1413	f74ce97f-5862-419b-a9a8-44ad53d332a2	LT0010_27/LT0010_27_173_83.tif	Not Anaphase	CP_and_DP	0.1	0.8	Anaphase	Positive_Label	0.14431581632998625
1414	f74ce97f-5862-419b-a9a8-44ad53d332a2	LT0010_27/LT0010_27_173_83.tif	Not Apoptosis	CP_and_DP	0.1	0.2	Apoptosis	Negative_Label	0.9919551594769962
1415	f74ce97f-5862-419b-a9a8-44ad53d332a2	LT0010_27/LT0010_27_173_83.tif	Not Apoptosis	CP_and_DP	0.1	0.2	Apoptosis	Positive_Label	0.008044840523003804
1416	f74ce97f-5862-419b-a9a8-44ad53d332a2	LT0010_27/LT0010_27_173_83.tif	Not Binuclear	CP_and_DP	0.1	0.1	Binuclear	Negative_Label	0.10388740908906043
1417	f74ce97f-5862-419b-a9a8-44ad53d332a2	LT0010_27/LT0010_27_173_83.tif	Not Binuclear	CP_and_DP	0.1	0.1	Binuclear	Positive_Label	0.8961125909109395
1418	f74ce97f-5862-419b-a9a8-44ad53d332a2	LT0010_27/LT0010_27_173_83.tif	Elongated	CP_and_DP	0.1	0.8	Elongated	Negative_Label	0.5284889731626157
1419	f74ce97f-5862-419b-a9a8-44ad53d332a2	LT0010_27/LT0010_27_173_83.tif	Elongated	CP_and_DP	0.1	0.8	Elongated	Positive_Label	0.47151102683738433
1420	f74ce97f-5862-419b-a9a8-44ad53d332a2	LT0010_27/LT0010_27_173_83.tif	Not Grape	CP_and_DP	0.01	0.2	Grape	Negative_Label	0.6002869710273168
1421	f74ce97f-5862-419b-a9a8-44ad53d332a2	LT0010_27/LT0010_27_173_83.tif	Not Grape	CP_and_DP	0.01	0.2	Grape	Positive_Label	0.39971302897268324
1422	f74ce97f-5862-419b-a9a8-44ad53d332a2	LT0010_27/LT0010_27_173_83.tif	Not Hole	CP_and_DP	1.0	0.4	Hole	Negative_Label	0.9995541476418254
1423	f74ce97f-5862-419b-a9a8-44ad53d332a2	LT0010_27/LT0010_27_173_83.tif	Not Hole	CP_and_DP	1.0	0.4	Hole	Positive_Label	0.00044585235817462543
1424	f74ce97f-5862-419b-a9a8-44ad53d332a2	LT0010_27/LT0010_27_173_83.tif	Not Interphase	CP_and_DP	0.1	1.0	Interphase	Negative_Label	0.21861572522257222
1425	f74ce97f-5862-419b-a9a8-44ad53d332a2	LT0010_27/LT0010_27_173_83.tif	Not Interphase	CP_and_DP	0.1	1.0	Interphase	Positive_Label	0.7813842747774278
1426	f74ce97f-5862-419b-a9a8-44ad53d332a2	LT0010_27/LT0010_27_173_83.tif	Not Large	CP_and_DP	0.1	0.0	Large	Negative_Label	0.03689059949310178
1427	f74ce97f-5862-419b-a9a8-44ad53d332a2	LT0010_27/LT0010_27_173_83.tif	Not Large	CP_and_DP	0.1	0.0	Large	Positive_Label	0.9631094005068982
1428	f74ce97f-5862-419b-a9a8-44ad53d332a2	LT0010_27/LT0010_27_173_83.tif	Not Metaphase	CP_and_DP	0.1	0.2	Metaphase	Negative_Label	0.8203896258594928
1429	f74ce97f-5862-419b-a9a8-44ad53d332a2	LT0010_27/LT0010_27_173_83.tif	Not Metaphase	CP_and_DP	0.1	0.2	Metaphase	Positive_Label	0.17961037414050718
1430	f74ce97f-5862-419b-a9a8-44ad53d332a2	LT0010_27/LT0010_27_173_83.tif	Not MetaphaseAlignment	CP_and_DP	0.1	0.9	MetaphaseAlignment	Negative_Label	0.9231289133180339
1431	f74ce97f-5862-419b-a9a8-44ad53d332a2	LT0010_27/LT0010_27_173_83.tif	Not MetaphaseAlignment	CP_and_DP	0.1	0.9	MetaphaseAlignment	Positive_Label	0.07687108668196607
1432	f74ce97f-5862-419b-a9a8-44ad53d332a2	LT0010_27/LT0010_27_173_83.tif	Not OutOfFocus	CP_and_DP	0.001	0.1	OutOfFocus	Negative_Label	0.686772698187858
1433	f74ce97f-5862-419b-a9a8-44ad53d332a2	LT0010_27/LT0010_27_173_83.tif	Not OutOfFocus	CP_and_DP	0.001	0.1	OutOfFocus	Positive_Label	0.313227301812142
1434	f74ce97f-5862-419b-a9a8-44ad53d332a2	LT0010_27/LT0010_27_173_83.tif	Not Polylobed	CP_and_DP	0.01	0.7000000000000001	Polylobed	Negative_Label	0.58787752610328
1435	f74ce97f-5862-419b-a9a8-44ad53d332a2	LT0010_27/LT0010_27_173_83.tif	Not Polylobed	CP_and_DP	0.01	0.7000000000000001	Polylobed	Positive_Label	0.41212247389671997
1436	f74ce97f-5862-419b-a9a8-44ad53d332a2	LT0010_27/LT0010_27_173_83.tif	Not Prometaphase	CP_and_DP	0.1	0.5	Prometaphase	Negative_Label	0.9437400719690212
1437	f74ce97f-5862-419b-a9a8-44ad53d332a2	LT0010_27/LT0010_27_173_83.tif	Not Prometaphase	CP_and_DP	0.1	0.5	Prometaphase	Positive_Label	0.056259928030978734
1438	f74ce97f-5862-419b-a9a8-44ad53d332a2	LT0010_27/LT0010_27_173_83.tif	Not SmallIrregular	CP_and_DP	0.01	0.0	SmallIrregular	Negative_Label	0.8003443234669537
1439	f74ce97f-5862-419b-a9a8-44ad53d332a2	LT0010_27/LT0010_27_173_83.tif	Not SmallIrregular	CP_and_DP	0.01	0.0	SmallIrregular	Positive_Label	0.1996556765330463
1440	009a4190-7583-4821-9a17-737f0485d252	LT0010_27/LT0010_27_173_83.tif	Not ADCCM	DP	0.1	0.5	ADCCM	Negative_Label	0.9841237601441545
1441	009a4190-7583-4821-9a17-737f0485d252	LT0010_27/LT0010_27_173_83.tif	Not ADCCM	DP	0.1	0.5	ADCCM	Positive_Label	0.01587623985584552
1442	009a4190-7583-4821-9a17-737f0485d252	LT0010_27/LT0010_27_173_83.tif	Not Anaphase	DP	0.01	0.0	Anaphase	Negative_Label	0.7065464646180301
1443	009a4190-7583-4821-9a17-737f0485d252	LT0010_27/LT0010_27_173_83.tif	Not Anaphase	DP	0.01	0.0	Anaphase	Positive_Label	0.29345353538196994
1444	009a4190-7583-4821-9a17-737f0485d252	LT0010_27/LT0010_27_173_83.tif	Not Apoptosis	DP	0.1	1.0	Apoptosis	Negative_Label	0.9563358152790515
1445	009a4190-7583-4821-9a17-737f0485d252	LT0010_27/LT0010_27_173_83.tif	Not Apoptosis	DP	0.1	1.0	Apoptosis	Positive_Label	0.04366418472094846
1446	009a4190-7583-4821-9a17-737f0485d252	LT0010_27/LT0010_27_173_83.tif	Not Binuclear	DP	0.1	0.0	Binuclear	Negative_Label	0.999973448300982
1447	009a4190-7583-4821-9a17-737f0485d252	LT0010_27/LT0010_27_173_83.tif	Not Binuclear	DP	0.1	0.0	Binuclear	Positive_Label	2.6551699017995922e-05
1448	009a4190-7583-4821-9a17-737f0485d252	LT0010_27/LT0010_27_173_83.tif	Elongated	DP	0.1	0.30000000000000004	Elongated	Negative_Label	0.002006858419784505
1449	009a4190-7583-4821-9a17-737f0485d252	LT0010_27/LT0010_27_173_83.tif	Elongated	DP	0.1	0.30000000000000004	Elongated	Positive_Label	0.9979931415802155
1450	009a4190-7583-4821-9a17-737f0485d252	LT0010_27/LT0010_27_173_83.tif	Not Grape	DP	0.01	0.2	Grape	Negative_Label	0.6959138735167555
1451	009a4190-7583-4821-9a17-737f0485d252	LT0010_27/LT0010_27_173_83.tif	Not Grape	DP	0.01	0.2	Grape	Positive_Label	0.3040861264832445
1452	009a4190-7583-4821-9a17-737f0485d252	LT0010_27/LT0010_27_173_83.tif	Not Hole	DP	0.01	0.0	Hole	Negative_Label	0.6839314068908285
1453	009a4190-7583-4821-9a17-737f0485d252	LT0010_27/LT0010_27_173_83.tif	Not Hole	DP	0.01	0.0	Hole	Positive_Label	0.31606859310917146
1454	009a4190-7583-4821-9a17-737f0485d252	LT0010_27/LT0010_27_173_83.tif	Not Interphase	DP	0.1	0.6000000000000001	Interphase	Negative_Label	0.9332361012868648
1455	009a4190-7583-4821-9a17-737f0485d252	LT0010_27/LT0010_27_173_83.tif	Not Interphase	DP	0.1	0.6000000000000001	Interphase	Positive_Label	0.06676389871313515
1456	009a4190-7583-4821-9a17-737f0485d252	LT0010_27/LT0010_27_173_83.tif	Not Large	DP	0.1	0.8	Large	Negative_Label	0.29254942770148495
1457	009a4190-7583-4821-9a17-737f0485d252	LT0010_27/LT0010_27_173_83.tif	Not Large	DP	0.1	0.8	Large	Positive_Label	0.707450572298515
1458	009a4190-7583-4821-9a17-737f0485d252	LT0010_27/LT0010_27_173_83.tif	Not Metaphase	DP	0.1	0.4	Metaphase	Negative_Label	0.6427235141714353
1459	009a4190-7583-4821-9a17-737f0485d252	LT0010_27/LT0010_27_173_83.tif	Not Metaphase	DP	0.1	0.4	Metaphase	Positive_Label	0.35727648582856475
1460	009a4190-7583-4821-9a17-737f0485d252	LT0010_27/LT0010_27_173_83.tif	Not MetaphaseAlignment	DP	0.01	0.30000000000000004	MetaphaseAlignment	Negative_Label	0.8029506369590043
1461	009a4190-7583-4821-9a17-737f0485d252	LT0010_27/LT0010_27_173_83.tif	Not MetaphaseAlignment	DP	0.01	0.30000000000000004	MetaphaseAlignment	Positive_Label	0.19704936304099574
1462	009a4190-7583-4821-9a17-737f0485d252	LT0010_27/LT0010_27_173_83.tif	Not OutOfFocus	DP	0.01	0.30000000000000004	OutOfFocus	Negative_Label	0.8958819639277115
1463	009a4190-7583-4821-9a17-737f0485d252	LT0010_27/LT0010_27_173_83.tif	Not OutOfFocus	DP	0.01	0.30000000000000004	OutOfFocus	Positive_Label	0.10411803607228852
1464	009a4190-7583-4821-9a17-737f0485d252	LT0010_27/LT0010_27_173_83.tif	Not Polylobed	DP	0.1	0.4	Polylobed	Negative_Label	0.9797711605306944
1465	009a4190-7583-4821-9a17-737f0485d252	LT0010_27/LT0010_27_173_83.tif	Not Polylobed	DP	0.1	0.4	Polylobed	Positive_Label	0.020228839469305638
1466	009a4190-7583-4821-9a17-737f0485d252	LT0010_27/LT0010_27_173_83.tif	Not Prometaphase	DP	0.01	0.0	Prometaphase	Negative_Label	0.9982134920555525
1467	009a4190-7583-4821-9a17-737f0485d252	LT0010_27/LT0010_27_173_83.tif	Not Prometaphase	DP	0.01	0.0	Prometaphase	Positive_Label	0.0017865079444474895
1468	009a4190-7583-4821-9a17-737f0485d252	LT0010_27/LT0010_27_173_83.tif	Not SmallIrregular	DP	0.01	0.2	SmallIrregular	Negative_Label	0.824662587699019
1469	009a4190-7583-4821-9a17-737f0485d252	LT0010_27/LT0010_27_173_83.tif	Not SmallIrregular	DP	0.01	0.2	SmallIrregular	Positive_Label	0.17533741230098104
1470	10632c54-fb51-40b2-8464-953b771f1738	LT0010_27/LT0010_27_173_83.tif	Not ADCCM	DP	0.1	0.5	ADCCM	Negative_Label	0.8495408008655989
1471	10632c54-fb51-40b2-8464-953b771f1738	LT0010_27/LT0010_27_173_83.tif	Not ADCCM	DP	0.1	0.5	ADCCM	Positive_Label	0.1504591991344011
1472	10632c54-fb51-40b2-8464-953b771f1738	LT0010_27/LT0010_27_173_83.tif	Not Anaphase	DP	0.01	0.0	Anaphase	Negative_Label	0.23842227643203942
1473	10632c54-fb51-40b2-8464-953b771f1738	LT0010_27/LT0010_27_173_83.tif	Not Anaphase	DP	0.01	0.0	Anaphase	Positive_Label	0.7615777235679606
1474	10632c54-fb51-40b2-8464-953b771f1738	LT0010_27/LT0010_27_173_83.tif	Not Apoptosis	DP	0.1	1.0	Apoptosis	Negative_Label	0.8742211691234406
1475	10632c54-fb51-40b2-8464-953b771f1738	LT0010_27/LT0010_27_173_83.tif	Not Apoptosis	DP	0.1	1.0	Apoptosis	Positive_Label	0.1257788308765594
1476	10632c54-fb51-40b2-8464-953b771f1738	LT0010_27/LT0010_27_173_83.tif	Not Binuclear	DP	0.1	0.0	Binuclear	Negative_Label	0.9940212182880676
1477	10632c54-fb51-40b2-8464-953b771f1738	LT0010_27/LT0010_27_173_83.tif	Not Binuclear	DP	0.1	0.0	Binuclear	Positive_Label	0.005978781711932446
1478	10632c54-fb51-40b2-8464-953b771f1738	LT0010_27/LT0010_27_173_83.tif	Elongated	DP	0.1	0.30000000000000004	Elongated	Negative_Label	0.35229777761647374
1479	10632c54-fb51-40b2-8464-953b771f1738	LT0010_27/LT0010_27_173_83.tif	Elongated	DP	0.1	0.30000000000000004	Elongated	Positive_Label	0.6477022223835263
1480	10632c54-fb51-40b2-8464-953b771f1738	LT0010_27/LT0010_27_173_83.tif	Not Grape	DP	0.01	0.2	Grape	Negative_Label	0.7317806543343789
1481	10632c54-fb51-40b2-8464-953b771f1738	LT0010_27/LT0010_27_173_83.tif	Not Grape	DP	0.01	0.2	Grape	Positive_Label	0.2682193456656211
1482	10632c54-fb51-40b2-8464-953b771f1738	LT0010_27/LT0010_27_173_83.tif	Not Hole	DP	0.01	0.0	Hole	Negative_Label	0.5187338452646815
1483	10632c54-fb51-40b2-8464-953b771f1738	LT0010_27/LT0010_27_173_83.tif	Not Hole	DP	0.01	0.0	Hole	Positive_Label	0.48126615473531853
1484	10632c54-fb51-40b2-8464-953b771f1738	LT0010_27/LT0010_27_173_83.tif	Not Interphase	DP	0.1	0.6000000000000001	Interphase	Negative_Label	0.3957110275895824
1485	10632c54-fb51-40b2-8464-953b771f1738	LT0010_27/LT0010_27_173_83.tif	Not Interphase	DP	0.1	0.6000000000000001	Interphase	Positive_Label	0.6042889724104177
1486	10632c54-fb51-40b2-8464-953b771f1738	LT0010_27/LT0010_27_173_83.tif	Not Large	DP	0.1	0.8	Large	Negative_Label	0.673499897832337
1487	10632c54-fb51-40b2-8464-953b771f1738	LT0010_27/LT0010_27_173_83.tif	Not Large	DP	0.1	0.8	Large	Positive_Label	0.326500102167663
1488	10632c54-fb51-40b2-8464-953b771f1738	LT0010_27/LT0010_27_173_83.tif	Not Metaphase	DP	0.1	0.4	Metaphase	Negative_Label	0.3477382671963607
1489	10632c54-fb51-40b2-8464-953b771f1738	LT0010_27/LT0010_27_173_83.tif	Not Metaphase	DP	0.1	0.4	Metaphase	Positive_Label	0.6522617328036393
1490	10632c54-fb51-40b2-8464-953b771f1738	LT0010_27/LT0010_27_173_83.tif	Not MetaphaseAlignment	DP	0.01	0.30000000000000004	MetaphaseAlignment	Negative_Label	0.5998531269644989
1491	10632c54-fb51-40b2-8464-953b771f1738	LT0010_27/LT0010_27_173_83.tif	Not MetaphaseAlignment	DP	0.01	0.30000000000000004	MetaphaseAlignment	Positive_Label	0.4001468730355011
1492	10632c54-fb51-40b2-8464-953b771f1738	LT0010_27/LT0010_27_173_83.tif	Not OutOfFocus	DP	0.01	0.30000000000000004	OutOfFocus	Negative_Label	0.883341143206834
1493	10632c54-fb51-40b2-8464-953b771f1738	LT0010_27/LT0010_27_173_83.tif	Not OutOfFocus	DP	0.01	0.30000000000000004	OutOfFocus	Positive_Label	0.11665885679316604
1494	10632c54-fb51-40b2-8464-953b771f1738	LT0010_27/LT0010_27_173_83.tif	Not Polylobed	DP	0.1	0.4	Polylobed	Negative_Label	0.9639880609422886
1495	10632c54-fb51-40b2-8464-953b771f1738	LT0010_27/LT0010_27_173_83.tif	Not Polylobed	DP	0.1	0.4	Polylobed	Positive_Label	0.03601193905771143
1496	10632c54-fb51-40b2-8464-953b771f1738	LT0010_27/LT0010_27_173_83.tif	Not Prometaphase	DP	0.01	0.0	Prometaphase	Negative_Label	0.9585276960428091
1497	10632c54-fb51-40b2-8464-953b771f1738	LT0010_27/LT0010_27_173_83.tif	Not Prometaphase	DP	0.01	0.0	Prometaphase	Positive_Label	0.04147230395719098
1498	10632c54-fb51-40b2-8464-953b771f1738	LT0010_27/LT0010_27_173_83.tif	Not SmallIrregular	DP	0.01	0.2	SmallIrregular	Negative_Label	0.6012865733927228
1499	10632c54-fb51-40b2-8464-953b771f1738	LT0010_27/LT0010_27_173_83.tif	Not SmallIrregular	DP	0.01	0.2	SmallIrregular	Positive_Label	0.3987134266072771
1500	109cd0a6-97dd-4c77-9de0-7cc1b084aaf2	LT0010_27/LT0010_27_173_83.tif	Not ADCCM	DP	0.1	0.5	ADCCM	Negative_Label	0.9105294207178449
1501	109cd0a6-97dd-4c77-9de0-7cc1b084aaf2	LT0010_27/LT0010_27_173_83.tif	Not ADCCM	DP	0.1	0.5	ADCCM	Positive_Label	0.08947057928215507
1502	109cd0a6-97dd-4c77-9de0-7cc1b084aaf2	LT0010_27/LT0010_27_173_83.tif	Not Anaphase	DP	0.01	0.0	Anaphase	Negative_Label	0.25151095356139785
1503	109cd0a6-97dd-4c77-9de0-7cc1b084aaf2	LT0010_27/LT0010_27_173_83.tif	Not Anaphase	DP	0.01	0.0	Anaphase	Positive_Label	0.7484890464386021
1504	109cd0a6-97dd-4c77-9de0-7cc1b084aaf2	LT0010_27/LT0010_27_173_83.tif	Not Apoptosis	DP	0.1	1.0	Apoptosis	Negative_Label	0.7723329335820686
1505	109cd0a6-97dd-4c77-9de0-7cc1b084aaf2	LT0010_27/LT0010_27_173_83.tif	Not Apoptosis	DP	0.1	1.0	Apoptosis	Positive_Label	0.22766706641793144
1506	109cd0a6-97dd-4c77-9de0-7cc1b084aaf2	LT0010_27/LT0010_27_173_83.tif	Not Binuclear	DP	0.1	0.0	Binuclear	Negative_Label	0.9998878346541189
1507	109cd0a6-97dd-4c77-9de0-7cc1b084aaf2	LT0010_27/LT0010_27_173_83.tif	Not Binuclear	DP	0.1	0.0	Binuclear	Positive_Label	0.00011216534588109894
1508	109cd0a6-97dd-4c77-9de0-7cc1b084aaf2	LT0010_27/LT0010_27_173_83.tif	Elongated	DP	0.1	0.30000000000000004	Elongated	Negative_Label	0.5485001506899344
1509	109cd0a6-97dd-4c77-9de0-7cc1b084aaf2	LT0010_27/LT0010_27_173_83.tif	Elongated	DP	0.1	0.30000000000000004	Elongated	Positive_Label	0.4514998493100656
1510	109cd0a6-97dd-4c77-9de0-7cc1b084aaf2	LT0010_27/LT0010_27_173_83.tif	Not Grape	DP	0.01	0.2	Grape	Negative_Label	0.7733475764109049
1511	109cd0a6-97dd-4c77-9de0-7cc1b084aaf2	LT0010_27/LT0010_27_173_83.tif	Not Grape	DP	0.01	0.2	Grape	Positive_Label	0.2266524235890951
1512	109cd0a6-97dd-4c77-9de0-7cc1b084aaf2	LT0010_27/LT0010_27_173_83.tif	Not Hole	DP	0.01	0.0	Hole	Negative_Label	0.13852789925922807
1513	109cd0a6-97dd-4c77-9de0-7cc1b084aaf2	LT0010_27/LT0010_27_173_83.tif	Not Hole	DP	0.01	0.0	Hole	Positive_Label	0.861472100740772
1514	109cd0a6-97dd-4c77-9de0-7cc1b084aaf2	LT0010_27/LT0010_27_173_83.tif	Not Interphase	DP	0.1	0.6000000000000001	Interphase	Negative_Label	0.41226385066890286
1515	109cd0a6-97dd-4c77-9de0-7cc1b084aaf2	LT0010_27/LT0010_27_173_83.tif	Not Interphase	DP	0.1	0.6000000000000001	Interphase	Positive_Label	0.5877361493310971
1516	109cd0a6-97dd-4c77-9de0-7cc1b084aaf2	LT0010_27/LT0010_27_173_83.tif	Not Large	DP	0.1	0.8	Large	Negative_Label	0.784290408460267
1517	109cd0a6-97dd-4c77-9de0-7cc1b084aaf2	LT0010_27/LT0010_27_173_83.tif	Not Large	DP	0.1	0.8	Large	Positive_Label	0.21570959153973301
1518	109cd0a6-97dd-4c77-9de0-7cc1b084aaf2	LT0010_27/LT0010_27_173_83.tif	Not Metaphase	DP	0.1	0.4	Metaphase	Negative_Label	0.9737332519416234
1519	109cd0a6-97dd-4c77-9de0-7cc1b084aaf2	LT0010_27/LT0010_27_173_83.tif	Not Metaphase	DP	0.1	0.4	Metaphase	Positive_Label	0.026266748058376588
1520	109cd0a6-97dd-4c77-9de0-7cc1b084aaf2	LT0010_27/LT0010_27_173_83.tif	Not MetaphaseAlignment	DP	0.01	0.30000000000000004	MetaphaseAlignment	Negative_Label	0.8049969756198402
1521	109cd0a6-97dd-4c77-9de0-7cc1b084aaf2	LT0010_27/LT0010_27_173_83.tif	Not MetaphaseAlignment	DP	0.01	0.30000000000000004	MetaphaseAlignment	Positive_Label	0.19500302438015982
1522	109cd0a6-97dd-4c77-9de0-7cc1b084aaf2	LT0010_27/LT0010_27_173_83.tif	Not OutOfFocus	DP	0.01	0.30000000000000004	OutOfFocus	Negative_Label	0.8933796034170187
1523	109cd0a6-97dd-4c77-9de0-7cc1b084aaf2	LT0010_27/LT0010_27_173_83.tif	Not OutOfFocus	DP	0.01	0.30000000000000004	OutOfFocus	Positive_Label	0.10662039658298125
1524	109cd0a6-97dd-4c77-9de0-7cc1b084aaf2	LT0010_27/LT0010_27_173_83.tif	Not Polylobed	DP	0.1	0.4	Polylobed	Negative_Label	0.997172166212301
1525	109cd0a6-97dd-4c77-9de0-7cc1b084aaf2	LT0010_27/LT0010_27_173_83.tif	Not Polylobed	DP	0.1	0.4	Polylobed	Positive_Label	0.002827833787699047
1526	109cd0a6-97dd-4c77-9de0-7cc1b084aaf2	LT0010_27/LT0010_27_173_83.tif	Not Prometaphase	DP	0.01	0.0	Prometaphase	Negative_Label	0.9669457747965536
1527	109cd0a6-97dd-4c77-9de0-7cc1b084aaf2	LT0010_27/LT0010_27_173_83.tif	Not Prometaphase	DP	0.01	0.0	Prometaphase	Positive_Label	0.03305422520344635
1528	109cd0a6-97dd-4c77-9de0-7cc1b084aaf2	LT0010_27/LT0010_27_173_83.tif	Not SmallIrregular	DP	0.01	0.2	SmallIrregular	Negative_Label	0.05954811230431323
1529	109cd0a6-97dd-4c77-9de0-7cc1b084aaf2	LT0010_27/LT0010_27_173_83.tif	Not SmallIrregular	DP	0.01	0.2	SmallIrregular	Positive_Label	0.9404518876956868
1530	14971efd-c038-4c91-8e63-e1a18f6cf414	LT0010_27/LT0010_27_173_83.tif	Not ADCCM	DP	0.1	0.5	ADCCM	Negative_Label	0.8938191953358396
1531	14971efd-c038-4c91-8e63-e1a18f6cf414	LT0010_27/LT0010_27_173_83.tif	Not ADCCM	DP	0.1	0.5	ADCCM	Positive_Label	0.10618080466416036
1532	14971efd-c038-4c91-8e63-e1a18f6cf414	LT0010_27/LT0010_27_173_83.tif	Not Anaphase	DP	0.01	0.0	Anaphase	Negative_Label	0.6186498534311641
1533	14971efd-c038-4c91-8e63-e1a18f6cf414	LT0010_27/LT0010_27_173_83.tif	Not Anaphase	DP	0.01	0.0	Anaphase	Positive_Label	0.3813501465688359
1534	14971efd-c038-4c91-8e63-e1a18f6cf414	LT0010_27/LT0010_27_173_83.tif	Not Apoptosis	DP	0.1	1.0	Apoptosis	Negative_Label	0.9307605801705883
1535	14971efd-c038-4c91-8e63-e1a18f6cf414	LT0010_27/LT0010_27_173_83.tif	Not Apoptosis	DP	0.1	1.0	Apoptosis	Positive_Label	0.06923941982941173
1536	14971efd-c038-4c91-8e63-e1a18f6cf414	LT0010_27/LT0010_27_173_83.tif	Not Binuclear	DP	0.1	0.0	Binuclear	Negative_Label	0.9990886680846864
1537	14971efd-c038-4c91-8e63-e1a18f6cf414	LT0010_27/LT0010_27_173_83.tif	Not Binuclear	DP	0.1	0.0	Binuclear	Positive_Label	0.0009113319153135624
1538	14971efd-c038-4c91-8e63-e1a18f6cf414	LT0010_27/LT0010_27_173_83.tif	Elongated	DP	0.1	0.30000000000000004	Elongated	Negative_Label	0.007597434478986058
1539	14971efd-c038-4c91-8e63-e1a18f6cf414	LT0010_27/LT0010_27_173_83.tif	Elongated	DP	0.1	0.30000000000000004	Elongated	Positive_Label	0.9924025655210139
1540	14971efd-c038-4c91-8e63-e1a18f6cf414	LT0010_27/LT0010_27_173_83.tif	Not Grape	DP	0.01	0.2	Grape	Negative_Label	0.6312128929798663
1541	14971efd-c038-4c91-8e63-e1a18f6cf414	LT0010_27/LT0010_27_173_83.tif	Not Grape	DP	0.01	0.2	Grape	Positive_Label	0.36878710702013373
1542	14971efd-c038-4c91-8e63-e1a18f6cf414	LT0010_27/LT0010_27_173_83.tif	Not Hole	DP	0.01	0.0	Hole	Negative_Label	0.767447846813322
1543	14971efd-c038-4c91-8e63-e1a18f6cf414	LT0010_27/LT0010_27_173_83.tif	Not Hole	DP	0.01	0.0	Hole	Positive_Label	0.232552153186678
1544	14971efd-c038-4c91-8e63-e1a18f6cf414	LT0010_27/LT0010_27_173_83.tif	Not Interphase	DP	0.1	0.6000000000000001	Interphase	Negative_Label	0.8302890401607531
1545	14971efd-c038-4c91-8e63-e1a18f6cf414	LT0010_27/LT0010_27_173_83.tif	Not Interphase	DP	0.1	0.6000000000000001	Interphase	Positive_Label	0.1697109598392469
1546	14971efd-c038-4c91-8e63-e1a18f6cf414	LT0010_27/LT0010_27_173_83.tif	Not Large	DP	0.1	0.8	Large	Negative_Label	0.5191856821939825
1547	14971efd-c038-4c91-8e63-e1a18f6cf414	LT0010_27/LT0010_27_173_83.tif	Not Large	DP	0.1	0.8	Large	Positive_Label	0.48081431780601747
1548	14971efd-c038-4c91-8e63-e1a18f6cf414	LT0010_27/LT0010_27_173_83.tif	Not Metaphase	DP	0.1	0.4	Metaphase	Negative_Label	0.6398921226907327
1549	14971efd-c038-4c91-8e63-e1a18f6cf414	LT0010_27/LT0010_27_173_83.tif	Not Metaphase	DP	0.1	0.4	Metaphase	Positive_Label	0.3601078773092673
1550	14971efd-c038-4c91-8e63-e1a18f6cf414	LT0010_27/LT0010_27_173_83.tif	Not MetaphaseAlignment	DP	0.01	0.30000000000000004	MetaphaseAlignment	Negative_Label	0.7668450342407975
1551	14971efd-c038-4c91-8e63-e1a18f6cf414	LT0010_27/LT0010_27_173_83.tif	Not MetaphaseAlignment	DP	0.01	0.30000000000000004	MetaphaseAlignment	Positive_Label	0.23315496575920247
1552	14971efd-c038-4c91-8e63-e1a18f6cf414	LT0010_27/LT0010_27_173_83.tif	Not OutOfFocus	DP	0.01	0.30000000000000004	OutOfFocus	Negative_Label	0.9196042551845012
1553	14971efd-c038-4c91-8e63-e1a18f6cf414	LT0010_27/LT0010_27_173_83.tif	Not OutOfFocus	DP	0.01	0.30000000000000004	OutOfFocus	Positive_Label	0.08039574481549877
1554	14971efd-c038-4c91-8e63-e1a18f6cf414	LT0010_27/LT0010_27_173_83.tif	Not Polylobed	DP	0.1	0.4	Polylobed	Negative_Label	0.9622650999043395
1555	14971efd-c038-4c91-8e63-e1a18f6cf414	LT0010_27/LT0010_27_173_83.tif	Not Polylobed	DP	0.1	0.4	Polylobed	Positive_Label	0.037734900095660516
1556	14971efd-c038-4c91-8e63-e1a18f6cf414	LT0010_27/LT0010_27_173_83.tif	Not Prometaphase	DP	0.01	0.0	Prometaphase	Negative_Label	0.9975829428791207
1557	14971efd-c038-4c91-8e63-e1a18f6cf414	LT0010_27/LT0010_27_173_83.tif	Not Prometaphase	DP	0.01	0.0	Prometaphase	Positive_Label	0.0024170571208792634
1558	14971efd-c038-4c91-8e63-e1a18f6cf414	LT0010_27/LT0010_27_173_83.tif	Not SmallIrregular	DP	0.01	0.2	SmallIrregular	Negative_Label	0.5564817859756688
1559	14971efd-c038-4c91-8e63-e1a18f6cf414	LT0010_27/LT0010_27_173_83.tif	Not SmallIrregular	DP	0.01	0.2	SmallIrregular	Positive_Label	0.4435182140243313
1560	21da27ab-873a-41f4-ab98-49170cae9a2d	LT0010_27/LT0010_27_173_83.tif	Not ADCCM	DP	0.1	0.5	ADCCM	Negative_Label	0.903029820968984
1561	21da27ab-873a-41f4-ab98-49170cae9a2d	LT0010_27/LT0010_27_173_83.tif	Not ADCCM	DP	0.1	0.5	ADCCM	Positive_Label	0.09697017903101601
1562	21da27ab-873a-41f4-ab98-49170cae9a2d	LT0010_27/LT0010_27_173_83.tif	Not Anaphase	DP	0.01	0.0	Anaphase	Negative_Label	0.7283157381804232
1563	21da27ab-873a-41f4-ab98-49170cae9a2d	LT0010_27/LT0010_27_173_83.tif	Not Anaphase	DP	0.01	0.0	Anaphase	Positive_Label	0.27168426181957683
1564	21da27ab-873a-41f4-ab98-49170cae9a2d	LT0010_27/LT0010_27_173_83.tif	Not Apoptosis	DP	0.1	1.0	Apoptosis	Negative_Label	0.9727456406846732
1565	21da27ab-873a-41f4-ab98-49170cae9a2d	LT0010_27/LT0010_27_173_83.tif	Not Apoptosis	DP	0.1	1.0	Apoptosis	Positive_Label	0.027254359315326826
1566	21da27ab-873a-41f4-ab98-49170cae9a2d	LT0010_27/LT0010_27_173_83.tif	Not Binuclear	DP	0.1	0.0	Binuclear	Negative_Label	0.9996545672031317
1567	21da27ab-873a-41f4-ab98-49170cae9a2d	LT0010_27/LT0010_27_173_83.tif	Not Binuclear	DP	0.1	0.0	Binuclear	Positive_Label	0.00034543279686827244
1568	21da27ab-873a-41f4-ab98-49170cae9a2d	LT0010_27/LT0010_27_173_83.tif	Not Elongated	DP	0.1	0.30000000000000004	Elongated	Negative_Label	0.010635645664951414
1569	21da27ab-873a-41f4-ab98-49170cae9a2d	LT0010_27/LT0010_27_173_83.tif	Not Elongated	DP	0.1	0.30000000000000004	Elongated	Positive_Label	0.9893643543350485
1570	21da27ab-873a-41f4-ab98-49170cae9a2d	LT0010_27/LT0010_27_173_83.tif	Not Grape	DP	0.01	0.2	Grape	Negative_Label	0.7306149179419031
1571	21da27ab-873a-41f4-ab98-49170cae9a2d	LT0010_27/LT0010_27_173_83.tif	Not Grape	DP	0.01	0.2	Grape	Positive_Label	0.26938508205809686
1572	21da27ab-873a-41f4-ab98-49170cae9a2d	LT0010_27/LT0010_27_173_83.tif	Not Hole	DP	0.01	0.0	Hole	Negative_Label	0.5460569003251298
1573	21da27ab-873a-41f4-ab98-49170cae9a2d	LT0010_27/LT0010_27_173_83.tif	Not Hole	DP	0.01	0.0	Hole	Positive_Label	0.45394309967487023
1574	21da27ab-873a-41f4-ab98-49170cae9a2d	LT0010_27/LT0010_27_173_83.tif	Not Interphase	DP	0.1	0.6000000000000001	Interphase	Negative_Label	0.30603753820620244
1575	21da27ab-873a-41f4-ab98-49170cae9a2d	LT0010_27/LT0010_27_173_83.tif	Not Interphase	DP	0.1	0.6000000000000001	Interphase	Positive_Label	0.6939624617937976
1576	21da27ab-873a-41f4-ab98-49170cae9a2d	LT0010_27/LT0010_27_173_83.tif	Large	DP	0.1	0.8	Large	Negative_Label	0.6922740634062498
1577	21da27ab-873a-41f4-ab98-49170cae9a2d	LT0010_27/LT0010_27_173_83.tif	Large	DP	0.1	0.8	Large	Positive_Label	0.30772593659375025
1578	21da27ab-873a-41f4-ab98-49170cae9a2d	LT0010_27/LT0010_27_173_83.tif	Not Metaphase	DP	0.1	0.4	Metaphase	Negative_Label	0.5718516217848099
1579	21da27ab-873a-41f4-ab98-49170cae9a2d	LT0010_27/LT0010_27_173_83.tif	Not Metaphase	DP	0.1	0.4	Metaphase	Positive_Label	0.42814837821519014
1580	21da27ab-873a-41f4-ab98-49170cae9a2d	LT0010_27/LT0010_27_173_83.tif	Not MetaphaseAlignment	DP	0.01	0.30000000000000004	MetaphaseAlignment	Negative_Label	0.7951817471436313
1581	21da27ab-873a-41f4-ab98-49170cae9a2d	LT0010_27/LT0010_27_173_83.tif	Not MetaphaseAlignment	DP	0.01	0.30000000000000004	MetaphaseAlignment	Positive_Label	0.20481825285636868
1582	21da27ab-873a-41f4-ab98-49170cae9a2d	LT0010_27/LT0010_27_173_83.tif	Not OutOfFocus	DP	0.01	0.30000000000000004	OutOfFocus	Negative_Label	0.8012792157065074
1583	21da27ab-873a-41f4-ab98-49170cae9a2d	LT0010_27/LT0010_27_173_83.tif	Not OutOfFocus	DP	0.01	0.30000000000000004	OutOfFocus	Positive_Label	0.19872078429349263
1584	21da27ab-873a-41f4-ab98-49170cae9a2d	LT0010_27/LT0010_27_173_83.tif	Not Polylobed	DP	0.1	0.4	Polylobed	Negative_Label	0.9853153213103666
1585	21da27ab-873a-41f4-ab98-49170cae9a2d	LT0010_27/LT0010_27_173_83.tif	Not Polylobed	DP	0.1	0.4	Polylobed	Positive_Label	0.014684678689633423
1586	21da27ab-873a-41f4-ab98-49170cae9a2d	LT0010_27/LT0010_27_173_83.tif	Not Prometaphase	DP	0.01	0.0	Prometaphase	Negative_Label	0.9973419204419879
1587	21da27ab-873a-41f4-ab98-49170cae9a2d	LT0010_27/LT0010_27_173_83.tif	Not Prometaphase	DP	0.01	0.0	Prometaphase	Positive_Label	0.0026580795580120713
1588	21da27ab-873a-41f4-ab98-49170cae9a2d	LT0010_27/LT0010_27_173_83.tif	Not SmallIrregular	DP	0.01	0.2	SmallIrregular	Negative_Label	0.6527768692469479
1589	21da27ab-873a-41f4-ab98-49170cae9a2d	LT0010_27/LT0010_27_173_83.tif	Not SmallIrregular	DP	0.01	0.2	SmallIrregular	Positive_Label	0.3472231307530521
1590	2b3356af-0e04-4614-824a-18a79fec4d44	LT0010_27/LT0010_27_173_83.tif	Not ADCCM	DP	0.1	0.5	ADCCM	Negative_Label	0.9154548956504799
1591	2b3356af-0e04-4614-824a-18a79fec4d44	LT0010_27/LT0010_27_173_83.tif	Not ADCCM	DP	0.1	0.5	ADCCM	Positive_Label	0.08454510434952012
1592	2b3356af-0e04-4614-824a-18a79fec4d44	LT0010_27/LT0010_27_173_83.tif	Not Anaphase	DP	0.01	0.0	Anaphase	Negative_Label	0.41322852818816247
1593	2b3356af-0e04-4614-824a-18a79fec4d44	LT0010_27/LT0010_27_173_83.tif	Not Anaphase	DP	0.01	0.0	Anaphase	Positive_Label	0.5867714718118375
1594	2b3356af-0e04-4614-824a-18a79fec4d44	LT0010_27/LT0010_27_173_83.tif	Not Apoptosis	DP	0.1	1.0	Apoptosis	Negative_Label	0.9324618717656015
1595	2b3356af-0e04-4614-824a-18a79fec4d44	LT0010_27/LT0010_27_173_83.tif	Not Apoptosis	DP	0.1	1.0	Apoptosis	Positive_Label	0.06753812823439853
1596	2b3356af-0e04-4614-824a-18a79fec4d44	LT0010_27/LT0010_27_173_83.tif	Not Binuclear	DP	0.1	0.0	Binuclear	Negative_Label	0.9997590566057254
1597	2b3356af-0e04-4614-824a-18a79fec4d44	LT0010_27/LT0010_27_173_83.tif	Not Binuclear	DP	0.1	0.0	Binuclear	Positive_Label	0.00024094339427460643
1598	2b3356af-0e04-4614-824a-18a79fec4d44	LT0010_27/LT0010_27_173_83.tif	Elongated	DP	0.1	0.30000000000000004	Elongated	Negative_Label	0.010818808686108773
1599	2b3356af-0e04-4614-824a-18a79fec4d44	LT0010_27/LT0010_27_173_83.tif	Elongated	DP	0.1	0.30000000000000004	Elongated	Positive_Label	0.9891811913138913
1600	2b3356af-0e04-4614-824a-18a79fec4d44	LT0010_27/LT0010_27_173_83.tif	Not Grape	DP	0.01	0.2	Grape	Negative_Label	0.6474455571213339
1601	2b3356af-0e04-4614-824a-18a79fec4d44	LT0010_27/LT0010_27_173_83.tif	Not Grape	DP	0.01	0.2	Grape	Positive_Label	0.3525544428786661
1602	2b3356af-0e04-4614-824a-18a79fec4d44	LT0010_27/LT0010_27_173_83.tif	Not Hole	DP	0.01	0.0	Hole	Negative_Label	0.9698487147399895
1603	2b3356af-0e04-4614-824a-18a79fec4d44	LT0010_27/LT0010_27_173_83.tif	Not Hole	DP	0.01	0.0	Hole	Positive_Label	0.03015128526001054
1604	2b3356af-0e04-4614-824a-18a79fec4d44	LT0010_27/LT0010_27_173_83.tif	Not Interphase	DP	0.1	0.6000000000000001	Interphase	Negative_Label	0.8599088911419881
1605	2b3356af-0e04-4614-824a-18a79fec4d44	LT0010_27/LT0010_27_173_83.tif	Not Interphase	DP	0.1	0.6000000000000001	Interphase	Positive_Label	0.1400911088580119
1606	2b3356af-0e04-4614-824a-18a79fec4d44	LT0010_27/LT0010_27_173_83.tif	Not Large	DP	0.1	0.8	Large	Negative_Label	0.4634872598835173
1607	2b3356af-0e04-4614-824a-18a79fec4d44	LT0010_27/LT0010_27_173_83.tif	Not Large	DP	0.1	0.8	Large	Positive_Label	0.5365127401164826
1608	2b3356af-0e04-4614-824a-18a79fec4d44	LT0010_27/LT0010_27_173_83.tif	Not Metaphase	DP	0.1	0.4	Metaphase	Negative_Label	0.2966396960394785
1609	2b3356af-0e04-4614-824a-18a79fec4d44	LT0010_27/LT0010_27_173_83.tif	Not Metaphase	DP	0.1	0.4	Metaphase	Positive_Label	0.7033603039605215
1610	2b3356af-0e04-4614-824a-18a79fec4d44	LT0010_27/LT0010_27_173_83.tif	Not MetaphaseAlignment	DP	0.01	0.30000000000000004	MetaphaseAlignment	Negative_Label	0.5667586054322422
1611	2b3356af-0e04-4614-824a-18a79fec4d44	LT0010_27/LT0010_27_173_83.tif	Not MetaphaseAlignment	DP	0.01	0.30000000000000004	MetaphaseAlignment	Positive_Label	0.4332413945677578
1612	2b3356af-0e04-4614-824a-18a79fec4d44	LT0010_27/LT0010_27_173_83.tif	Not OutOfFocus	DP	0.01	0.30000000000000004	OutOfFocus	Negative_Label	0.908073945537692
1613	2b3356af-0e04-4614-824a-18a79fec4d44	LT0010_27/LT0010_27_173_83.tif	Not OutOfFocus	DP	0.01	0.30000000000000004	OutOfFocus	Positive_Label	0.09192605446230799
1614	2b3356af-0e04-4614-824a-18a79fec4d44	LT0010_27/LT0010_27_173_83.tif	Not Polylobed	DP	0.1	0.4	Polylobed	Negative_Label	0.8876364085129833
1615	2b3356af-0e04-4614-824a-18a79fec4d44	LT0010_27/LT0010_27_173_83.tif	Not Polylobed	DP	0.1	0.4	Polylobed	Positive_Label	0.11236359148701669
1616	2b3356af-0e04-4614-824a-18a79fec4d44	LT0010_27/LT0010_27_173_83.tif	Not Prometaphase	DP	0.01	0.0	Prometaphase	Negative_Label	0.997427387340576
1617	2b3356af-0e04-4614-824a-18a79fec4d44	LT0010_27/LT0010_27_173_83.tif	Not Prometaphase	DP	0.01	0.0	Prometaphase	Positive_Label	0.0025726126594239904
1618	2b3356af-0e04-4614-824a-18a79fec4d44	LT0010_27/LT0010_27_173_83.tif	Not SmallIrregular	DP	0.01	0.2	SmallIrregular	Negative_Label	0.7462741619687838
1619	2b3356af-0e04-4614-824a-18a79fec4d44	LT0010_27/LT0010_27_173_83.tif	Not SmallIrregular	DP	0.01	0.2	SmallIrregular	Positive_Label	0.2537258380312161
1620	372c1123-1445-4149-a509-04fcf1358abd	LT0010_27/LT0010_27_173_83.tif	Not ADCCM	DP	0.1	0.5	ADCCM	Negative_Label	0.9864647568071048
1621	372c1123-1445-4149-a509-04fcf1358abd	LT0010_27/LT0010_27_173_83.tif	Not ADCCM	DP	0.1	0.5	ADCCM	Positive_Label	0.01353524319289523
1622	372c1123-1445-4149-a509-04fcf1358abd	LT0010_27/LT0010_27_173_83.tif	Not Anaphase	DP	0.01	0.0	Anaphase	Negative_Label	0.9642047655354328
1623	372c1123-1445-4149-a509-04fcf1358abd	LT0010_27/LT0010_27_173_83.tif	Not Anaphase	DP	0.01	0.0	Anaphase	Positive_Label	0.03579523446456723
1624	372c1123-1445-4149-a509-04fcf1358abd	LT0010_27/LT0010_27_173_83.tif	Not Apoptosis	DP	0.1	1.0	Apoptosis	Negative_Label	0.9574482749859342
1625	372c1123-1445-4149-a509-04fcf1358abd	LT0010_27/LT0010_27_173_83.tif	Not Apoptosis	DP	0.1	1.0	Apoptosis	Positive_Label	0.04255172501406579
1626	372c1123-1445-4149-a509-04fcf1358abd	LT0010_27/LT0010_27_173_83.tif	Not Binuclear	DP	0.1	0.0	Binuclear	Negative_Label	0.8692753510069058
1627	372c1123-1445-4149-a509-04fcf1358abd	LT0010_27/LT0010_27_173_83.tif	Not Binuclear	DP	0.1	0.0	Binuclear	Positive_Label	0.13072464899309422
1628	372c1123-1445-4149-a509-04fcf1358abd	LT0010_27/LT0010_27_173_83.tif	Elongated	DP	0.1	0.30000000000000004	Elongated	Negative_Label	0.2889659865876995
1629	372c1123-1445-4149-a509-04fcf1358abd	LT0010_27/LT0010_27_173_83.tif	Elongated	DP	0.1	0.30000000000000004	Elongated	Positive_Label	0.7110340134123005
1630	372c1123-1445-4149-a509-04fcf1358abd	LT0010_27/LT0010_27_173_83.tif	Not Grape	DP	0.01	0.2	Grape	Negative_Label	0.6405082788512874
1631	372c1123-1445-4149-a509-04fcf1358abd	LT0010_27/LT0010_27_173_83.tif	Not Grape	DP	0.01	0.2	Grape	Positive_Label	0.35949172114871264
1632	372c1123-1445-4149-a509-04fcf1358abd	LT0010_27/LT0010_27_173_83.tif	Not Hole	DP	0.01	0.0	Hole	Negative_Label	0.9195432330383236
1633	372c1123-1445-4149-a509-04fcf1358abd	LT0010_27/LT0010_27_173_83.tif	Not Hole	DP	0.01	0.0	Hole	Positive_Label	0.08045676696167636
1634	372c1123-1445-4149-a509-04fcf1358abd	LT0010_27/LT0010_27_173_83.tif	Not Interphase	DP	0.1	0.6000000000000001	Interphase	Negative_Label	0.5831175068383831
1635	372c1123-1445-4149-a509-04fcf1358abd	LT0010_27/LT0010_27_173_83.tif	Not Interphase	DP	0.1	0.6000000000000001	Interphase	Positive_Label	0.41688249316161685
1636	372c1123-1445-4149-a509-04fcf1358abd	LT0010_27/LT0010_27_173_83.tif	Not Large	DP	0.1	0.8	Large	Negative_Label	0.023467386009566854
1637	372c1123-1445-4149-a509-04fcf1358abd	LT0010_27/LT0010_27_173_83.tif	Not Large	DP	0.1	0.8	Large	Positive_Label	0.9765326139904331
1638	372c1123-1445-4149-a509-04fcf1358abd	LT0010_27/LT0010_27_173_83.tif	Not Metaphase	DP	0.1	0.4	Metaphase	Negative_Label	0.9362449997748031
1639	372c1123-1445-4149-a509-04fcf1358abd	LT0010_27/LT0010_27_173_83.tif	Not Metaphase	DP	0.1	0.4	Metaphase	Positive_Label	0.06375500022519687
1640	372c1123-1445-4149-a509-04fcf1358abd	LT0010_27/LT0010_27_173_83.tif	Not MetaphaseAlignment	DP	0.01	0.30000000000000004	MetaphaseAlignment	Negative_Label	0.8343698834647336
1641	372c1123-1445-4149-a509-04fcf1358abd	LT0010_27/LT0010_27_173_83.tif	Not MetaphaseAlignment	DP	0.01	0.30000000000000004	MetaphaseAlignment	Positive_Label	0.16563011653526638
1642	372c1123-1445-4149-a509-04fcf1358abd	LT0010_27/LT0010_27_173_83.tif	Not OutOfFocus	DP	0.01	0.30000000000000004	OutOfFocus	Negative_Label	0.9349124955763898
1643	372c1123-1445-4149-a509-04fcf1358abd	LT0010_27/LT0010_27_173_83.tif	Not OutOfFocus	DP	0.01	0.30000000000000004	OutOfFocus	Positive_Label	0.0650875044236102
1644	372c1123-1445-4149-a509-04fcf1358abd	LT0010_27/LT0010_27_173_83.tif	Not Polylobed	DP	0.1	0.4	Polylobed	Negative_Label	0.9788147388508058
1645	372c1123-1445-4149-a509-04fcf1358abd	LT0010_27/LT0010_27_173_83.tif	Not Polylobed	DP	0.1	0.4	Polylobed	Positive_Label	0.021185261149194133
1646	372c1123-1445-4149-a509-04fcf1358abd	LT0010_27/LT0010_27_173_83.tif	Not Prometaphase	DP	0.01	0.0	Prometaphase	Negative_Label	0.9894453528854948
1647	372c1123-1445-4149-a509-04fcf1358abd	LT0010_27/LT0010_27_173_83.tif	Not Prometaphase	DP	0.01	0.0	Prometaphase	Positive_Label	0.010554647114505124
1648	372c1123-1445-4149-a509-04fcf1358abd	LT0010_27/LT0010_27_173_83.tif	Not SmallIrregular	DP	0.01	0.2	SmallIrregular	Negative_Label	0.7495695986445233
1649	372c1123-1445-4149-a509-04fcf1358abd	LT0010_27/LT0010_27_173_83.tif	Not SmallIrregular	DP	0.01	0.2	SmallIrregular	Positive_Label	0.2504304013554767
1650	465028c5-2309-40ac-ae2f-edaf1add933c	LT0010_27/LT0010_27_173_83.tif	Not ADCCM	DP	0.1	0.5	ADCCM	Negative_Label	0.8583791472793332
1651	465028c5-2309-40ac-ae2f-edaf1add933c	LT0010_27/LT0010_27_173_83.tif	Not ADCCM	DP	0.1	0.5	ADCCM	Positive_Label	0.14162085272066682
1652	465028c5-2309-40ac-ae2f-edaf1add933c	LT0010_27/LT0010_27_173_83.tif	Not Anaphase	DP	0.01	0.0	Anaphase	Negative_Label	0.2658975720023458
1653	465028c5-2309-40ac-ae2f-edaf1add933c	LT0010_27/LT0010_27_173_83.tif	Not Anaphase	DP	0.01	0.0	Anaphase	Positive_Label	0.7341024279976542
1654	465028c5-2309-40ac-ae2f-edaf1add933c	LT0010_27/LT0010_27_173_83.tif	Not Apoptosis	DP	0.1	1.0	Apoptosis	Negative_Label	0.867904700378254
1655	465028c5-2309-40ac-ae2f-edaf1add933c	LT0010_27/LT0010_27_173_83.tif	Not Apoptosis	DP	0.1	1.0	Apoptosis	Positive_Label	0.13209529962174604
1656	465028c5-2309-40ac-ae2f-edaf1add933c	LT0010_27/LT0010_27_173_83.tif	Not Binuclear	DP	0.1	0.0	Binuclear	Negative_Label	0.8233836649317504
1657	465028c5-2309-40ac-ae2f-edaf1add933c	LT0010_27/LT0010_27_173_83.tif	Not Binuclear	DP	0.1	0.0	Binuclear	Positive_Label	0.17661633506824959
1658	465028c5-2309-40ac-ae2f-edaf1add933c	LT0010_27/LT0010_27_173_83.tif	Elongated	DP	0.1	0.30000000000000004	Elongated	Negative_Label	0.30044315563056545
1659	465028c5-2309-40ac-ae2f-edaf1add933c	LT0010_27/LT0010_27_173_83.tif	Elongated	DP	0.1	0.30000000000000004	Elongated	Positive_Label	0.6995568443694345
1660	465028c5-2309-40ac-ae2f-edaf1add933c	LT0010_27/LT0010_27_173_83.tif	Not Grape	DP	0.01	0.2	Grape	Negative_Label	0.6455476113659029
1661	465028c5-2309-40ac-ae2f-edaf1add933c	LT0010_27/LT0010_27_173_83.tif	Not Grape	DP	0.01	0.2	Grape	Positive_Label	0.3544523886340971
1662	465028c5-2309-40ac-ae2f-edaf1add933c	LT0010_27/LT0010_27_173_83.tif	Not Hole	DP	0.01	0.0	Hole	Negative_Label	0.8338268860763948
1663	465028c5-2309-40ac-ae2f-edaf1add933c	LT0010_27/LT0010_27_173_83.tif	Not Hole	DP	0.01	0.0	Hole	Positive_Label	0.16617311392360523
1664	465028c5-2309-40ac-ae2f-edaf1add933c	LT0010_27/LT0010_27_173_83.tif	Not Interphase	DP	0.1	0.6000000000000001	Interphase	Negative_Label	0.533823413088947
1665	465028c5-2309-40ac-ae2f-edaf1add933c	LT0010_27/LT0010_27_173_83.tif	Not Interphase	DP	0.1	0.6000000000000001	Interphase	Positive_Label	0.466176586911053
1666	465028c5-2309-40ac-ae2f-edaf1add933c	LT0010_27/LT0010_27_173_83.tif	Not Large	DP	0.1	0.8	Large	Negative_Label	0.7734597633816186
1667	465028c5-2309-40ac-ae2f-edaf1add933c	LT0010_27/LT0010_27_173_83.tif	Not Large	DP	0.1	0.8	Large	Positive_Label	0.2265402366183814
1668	465028c5-2309-40ac-ae2f-edaf1add933c	LT0010_27/LT0010_27_173_83.tif	Not Metaphase	DP	0.1	0.4	Metaphase	Negative_Label	0.871993386654491
1669	465028c5-2309-40ac-ae2f-edaf1add933c	LT0010_27/LT0010_27_173_83.tif	Not Metaphase	DP	0.1	0.4	Metaphase	Positive_Label	0.128006613345509
1670	465028c5-2309-40ac-ae2f-edaf1add933c	LT0010_27/LT0010_27_173_83.tif	Not MetaphaseAlignment	DP	0.01	0.30000000000000004	MetaphaseAlignment	Negative_Label	0.676923187414594
1671	465028c5-2309-40ac-ae2f-edaf1add933c	LT0010_27/LT0010_27_173_83.tif	Not MetaphaseAlignment	DP	0.01	0.30000000000000004	MetaphaseAlignment	Positive_Label	0.323076812585406
1672	465028c5-2309-40ac-ae2f-edaf1add933c	LT0010_27/LT0010_27_173_83.tif	Not OutOfFocus	DP	0.01	0.30000000000000004	OutOfFocus	Negative_Label	0.840088356408399
1673	465028c5-2309-40ac-ae2f-edaf1add933c	LT0010_27/LT0010_27_173_83.tif	Not OutOfFocus	DP	0.01	0.30000000000000004	OutOfFocus	Positive_Label	0.1599116435916011
1674	465028c5-2309-40ac-ae2f-edaf1add933c	LT0010_27/LT0010_27_173_83.tif	Not Polylobed	DP	0.1	0.4	Polylobed	Negative_Label	0.7504418804954262
1675	465028c5-2309-40ac-ae2f-edaf1add933c	LT0010_27/LT0010_27_173_83.tif	Not Polylobed	DP	0.1	0.4	Polylobed	Positive_Label	0.24955811950457382
1676	465028c5-2309-40ac-ae2f-edaf1add933c	LT0010_27/LT0010_27_173_83.tif	Not Prometaphase	DP	0.01	0.0	Prometaphase	Negative_Label	0.993243016480085
1677	465028c5-2309-40ac-ae2f-edaf1add933c	LT0010_27/LT0010_27_173_83.tif	Not Prometaphase	DP	0.01	0.0	Prometaphase	Positive_Label	0.006756983519915056
1678	465028c5-2309-40ac-ae2f-edaf1add933c	LT0010_27/LT0010_27_173_83.tif	Not SmallIrregular	DP	0.01	0.2	SmallIrregular	Negative_Label	0.3271596690435977
1679	465028c5-2309-40ac-ae2f-edaf1add933c	LT0010_27/LT0010_27_173_83.tif	Not SmallIrregular	DP	0.01	0.2	SmallIrregular	Positive_Label	0.6728403309564023
1680	5928936a-57a1-458f-b254-863b5e71d392	LT0010_27/LT0010_27_173_83.tif	Not ADCCM	DP	0.1	0.5	ADCCM	Negative_Label	0.9429106677513404
1681	5928936a-57a1-458f-b254-863b5e71d392	LT0010_27/LT0010_27_173_83.tif	Not ADCCM	DP	0.1	0.5	ADCCM	Positive_Label	0.05708933224865964
1682	5928936a-57a1-458f-b254-863b5e71d392	LT0010_27/LT0010_27_173_83.tif	Not Anaphase	DP	0.01	0.0	Anaphase	Negative_Label	0.7393668836115909
1683	5928936a-57a1-458f-b254-863b5e71d392	LT0010_27/LT0010_27_173_83.tif	Not Anaphase	DP	0.01	0.0	Anaphase	Positive_Label	0.26063311638840914
1684	5928936a-57a1-458f-b254-863b5e71d392	LT0010_27/LT0010_27_173_83.tif	Not Apoptosis	DP	0.1	1.0	Apoptosis	Negative_Label	0.9552051880672954
1685	5928936a-57a1-458f-b254-863b5e71d392	LT0010_27/LT0010_27_173_83.tif	Not Apoptosis	DP	0.1	1.0	Apoptosis	Positive_Label	0.044794811932704626
1686	5928936a-57a1-458f-b254-863b5e71d392	LT0010_27/LT0010_27_173_83.tif	Not Binuclear	DP	0.1	0.0	Binuclear	Negative_Label	0.9999108964745992
1687	5928936a-57a1-458f-b254-863b5e71d392	LT0010_27/LT0010_27_173_83.tif	Not Binuclear	DP	0.1	0.0	Binuclear	Positive_Label	8.910352540081323e-05
1688	5928936a-57a1-458f-b254-863b5e71d392	LT0010_27/LT0010_27_173_83.tif	Elongated	DP	0.1	0.30000000000000004	Elongated	Negative_Label	0.039673807496842975
1689	5928936a-57a1-458f-b254-863b5e71d392	LT0010_27/LT0010_27_173_83.tif	Elongated	DP	0.1	0.30000000000000004	Elongated	Positive_Label	0.960326192503157
1690	5928936a-57a1-458f-b254-863b5e71d392	LT0010_27/LT0010_27_173_83.tif	Not Grape	DP	0.01	0.2	Grape	Negative_Label	0.6881793782879785
1691	5928936a-57a1-458f-b254-863b5e71d392	LT0010_27/LT0010_27_173_83.tif	Not Grape	DP	0.01	0.2	Grape	Positive_Label	0.3118206217120215
1692	5928936a-57a1-458f-b254-863b5e71d392	LT0010_27/LT0010_27_173_83.tif	Not Hole	DP	0.01	0.0	Hole	Negative_Label	0.16113483283877197
1693	5928936a-57a1-458f-b254-863b5e71d392	LT0010_27/LT0010_27_173_83.tif	Not Hole	DP	0.01	0.0	Hole	Positive_Label	0.838865167161228
1694	5928936a-57a1-458f-b254-863b5e71d392	LT0010_27/LT0010_27_173_83.tif	Not Interphase	DP	0.1	0.6000000000000001	Interphase	Negative_Label	0.9535553269727531
1695	5928936a-57a1-458f-b254-863b5e71d392	LT0010_27/LT0010_27_173_83.tif	Not Interphase	DP	0.1	0.6000000000000001	Interphase	Positive_Label	0.04644467302724686
1696	5928936a-57a1-458f-b254-863b5e71d392	LT0010_27/LT0010_27_173_83.tif	Not Large	DP	0.1	0.8	Large	Negative_Label	0.7744655344212237
1697	5928936a-57a1-458f-b254-863b5e71d392	LT0010_27/LT0010_27_173_83.tif	Not Large	DP	0.1	0.8	Large	Positive_Label	0.22553446557877632
1698	5928936a-57a1-458f-b254-863b5e71d392	LT0010_27/LT0010_27_173_83.tif	Not Metaphase	DP	0.1	0.4	Metaphase	Negative_Label	0.5789144088248818
1699	5928936a-57a1-458f-b254-863b5e71d392	LT0010_27/LT0010_27_173_83.tif	Not Metaphase	DP	0.1	0.4	Metaphase	Positive_Label	0.42108559117511823
1700	5928936a-57a1-458f-b254-863b5e71d392	LT0010_27/LT0010_27_173_83.tif	Not MetaphaseAlignment	DP	0.01	0.30000000000000004	MetaphaseAlignment	Negative_Label	0.6882348964187167
1701	5928936a-57a1-458f-b254-863b5e71d392	LT0010_27/LT0010_27_173_83.tif	Not MetaphaseAlignment	DP	0.01	0.30000000000000004	MetaphaseAlignment	Positive_Label	0.3117651035812833
1702	5928936a-57a1-458f-b254-863b5e71d392	LT0010_27/LT0010_27_173_83.tif	Not OutOfFocus	DP	0.01	0.30000000000000004	OutOfFocus	Negative_Label	0.9286650828652464
1703	5928936a-57a1-458f-b254-863b5e71d392	LT0010_27/LT0010_27_173_83.tif	Not OutOfFocus	DP	0.01	0.30000000000000004	OutOfFocus	Positive_Label	0.0713349171347536
1704	5928936a-57a1-458f-b254-863b5e71d392	LT0010_27/LT0010_27_173_83.tif	Not Polylobed	DP	0.1	0.4	Polylobed	Negative_Label	0.9910823227079202
1705	5928936a-57a1-458f-b254-863b5e71d392	LT0010_27/LT0010_27_173_83.tif	Not Polylobed	DP	0.1	0.4	Polylobed	Positive_Label	0.008917677292079818
1706	5928936a-57a1-458f-b254-863b5e71d392	LT0010_27/LT0010_27_173_83.tif	Not Prometaphase	DP	0.01	0.0	Prometaphase	Negative_Label	0.997879279052775
1707	5928936a-57a1-458f-b254-863b5e71d392	LT0010_27/LT0010_27_173_83.tif	Not Prometaphase	DP	0.01	0.0	Prometaphase	Positive_Label	0.0021207209472250328
1708	5928936a-57a1-458f-b254-863b5e71d392	LT0010_27/LT0010_27_173_83.tif	Not SmallIrregular	DP	0.01	0.2	SmallIrregular	Negative_Label	0.2642080249146943
1709	5928936a-57a1-458f-b254-863b5e71d392	LT0010_27/LT0010_27_173_83.tif	Not SmallIrregular	DP	0.01	0.2	SmallIrregular	Positive_Label	0.7357919750853057
1710	5b3ef5d8-0c13-4f0a-95a5-76f40d9222d1	LT0010_27/LT0010_27_173_83.tif	Not ADCCM	DP	0.1	0.5	ADCCM	Negative_Label	0.9781903070123178
1711	5b3ef5d8-0c13-4f0a-95a5-76f40d9222d1	LT0010_27/LT0010_27_173_83.tif	Not ADCCM	DP	0.1	0.5	ADCCM	Positive_Label	0.021809692987682205
1712	5b3ef5d8-0c13-4f0a-95a5-76f40d9222d1	LT0010_27/LT0010_27_173_83.tif	Not Anaphase	DP	0.01	0.0	Anaphase	Negative_Label	0.8053896437062232
1713	5b3ef5d8-0c13-4f0a-95a5-76f40d9222d1	LT0010_27/LT0010_27_173_83.tif	Not Anaphase	DP	0.01	0.0	Anaphase	Positive_Label	0.19461035629377677
1714	5b3ef5d8-0c13-4f0a-95a5-76f40d9222d1	LT0010_27/LT0010_27_173_83.tif	Not Apoptosis	DP	0.1	1.0	Apoptosis	Negative_Label	0.9690732395824962
1715	5b3ef5d8-0c13-4f0a-95a5-76f40d9222d1	LT0010_27/LT0010_27_173_83.tif	Not Apoptosis	DP	0.1	1.0	Apoptosis	Positive_Label	0.03092676041750375
1716	5b3ef5d8-0c13-4f0a-95a5-76f40d9222d1	LT0010_27/LT0010_27_173_83.tif	Not Binuclear	DP	0.1	0.0	Binuclear	Negative_Label	0.999984304389671
1717	5b3ef5d8-0c13-4f0a-95a5-76f40d9222d1	LT0010_27/LT0010_27_173_83.tif	Not Binuclear	DP	0.1	0.0	Binuclear	Positive_Label	1.5695610328991805e-05
1718	5b3ef5d8-0c13-4f0a-95a5-76f40d9222d1	LT0010_27/LT0010_27_173_83.tif	Elongated	DP	0.1	0.30000000000000004	Elongated	Negative_Label	0.002752702668623619
1719	5b3ef5d8-0c13-4f0a-95a5-76f40d9222d1	LT0010_27/LT0010_27_173_83.tif	Elongated	DP	0.1	0.30000000000000004	Elongated	Positive_Label	0.9972472973313764
1720	5b3ef5d8-0c13-4f0a-95a5-76f40d9222d1	LT0010_27/LT0010_27_173_83.tif	Not Grape	DP	0.01	0.2	Grape	Negative_Label	0.7092517031958674
1721	5b3ef5d8-0c13-4f0a-95a5-76f40d9222d1	LT0010_27/LT0010_27_173_83.tif	Not Grape	DP	0.01	0.2	Grape	Positive_Label	0.2907482968041326
1722	5b3ef5d8-0c13-4f0a-95a5-76f40d9222d1	LT0010_27/LT0010_27_173_83.tif	Not Hole	DP	0.01	0.0	Hole	Negative_Label	0.17484383876345047
1723	5b3ef5d8-0c13-4f0a-95a5-76f40d9222d1	LT0010_27/LT0010_27_173_83.tif	Not Hole	DP	0.01	0.0	Hole	Positive_Label	0.8251561612365496
1724	5b3ef5d8-0c13-4f0a-95a5-76f40d9222d1	LT0010_27/LT0010_27_173_83.tif	Not Interphase	DP	0.1	0.6000000000000001	Interphase	Negative_Label	0.8947989192526741
1725	5b3ef5d8-0c13-4f0a-95a5-76f40d9222d1	LT0010_27/LT0010_27_173_83.tif	Not Interphase	DP	0.1	0.6000000000000001	Interphase	Positive_Label	0.10520108074732593
1726	5b3ef5d8-0c13-4f0a-95a5-76f40d9222d1	LT0010_27/LT0010_27_173_83.tif	Not Large	DP	0.1	0.8	Large	Negative_Label	0.40735790802082444
1727	5b3ef5d8-0c13-4f0a-95a5-76f40d9222d1	LT0010_27/LT0010_27_173_83.tif	Not Large	DP	0.1	0.8	Large	Positive_Label	0.5926420919791755
1728	5b3ef5d8-0c13-4f0a-95a5-76f40d9222d1	LT0010_27/LT0010_27_173_83.tif	Not Metaphase	DP	0.1	0.4	Metaphase	Negative_Label	0.6526156728081137
1729	5b3ef5d8-0c13-4f0a-95a5-76f40d9222d1	LT0010_27/LT0010_27_173_83.tif	Not Metaphase	DP	0.1	0.4	Metaphase	Positive_Label	0.3473843271918863
1730	5b3ef5d8-0c13-4f0a-95a5-76f40d9222d1	LT0010_27/LT0010_27_173_83.tif	Not MetaphaseAlignment	DP	0.01	0.30000000000000004	MetaphaseAlignment	Negative_Label	0.800350879382056
1731	5b3ef5d8-0c13-4f0a-95a5-76f40d9222d1	LT0010_27/LT0010_27_173_83.tif	Not MetaphaseAlignment	DP	0.01	0.30000000000000004	MetaphaseAlignment	Positive_Label	0.19964912061794404
1732	5b3ef5d8-0c13-4f0a-95a5-76f40d9222d1	LT0010_27/LT0010_27_173_83.tif	Not OutOfFocus	DP	0.01	0.30000000000000004	OutOfFocus	Negative_Label	0.9460465961097183
1733	5b3ef5d8-0c13-4f0a-95a5-76f40d9222d1	LT0010_27/LT0010_27_173_83.tif	Not OutOfFocus	DP	0.01	0.30000000000000004	OutOfFocus	Positive_Label	0.05395340389028171
1734	5b3ef5d8-0c13-4f0a-95a5-76f40d9222d1	LT0010_27/LT0010_27_173_83.tif	Not Polylobed	DP	0.1	0.4	Polylobed	Negative_Label	0.9926517090727299
1735	5b3ef5d8-0c13-4f0a-95a5-76f40d9222d1	LT0010_27/LT0010_27_173_83.tif	Not Polylobed	DP	0.1	0.4	Polylobed	Positive_Label	0.007348290927270126
1736	5b3ef5d8-0c13-4f0a-95a5-76f40d9222d1	LT0010_27/LT0010_27_173_83.tif	Not Prometaphase	DP	0.01	0.0	Prometaphase	Negative_Label	0.9982458777976774
1737	5b3ef5d8-0c13-4f0a-95a5-76f40d9222d1	LT0010_27/LT0010_27_173_83.tif	Not Prometaphase	DP	0.01	0.0	Prometaphase	Positive_Label	0.0017541222023226537
1738	5b3ef5d8-0c13-4f0a-95a5-76f40d9222d1	LT0010_27/LT0010_27_173_83.tif	Not SmallIrregular	DP	0.01	0.2	SmallIrregular	Negative_Label	0.5932754363095354
1739	5b3ef5d8-0c13-4f0a-95a5-76f40d9222d1	LT0010_27/LT0010_27_173_83.tif	Not SmallIrregular	DP	0.01	0.2	SmallIrregular	Positive_Label	0.4067245636904646
1740	5bb397bf-0fa2-4c48-a536-c046343792b4	LT0010_27/LT0010_27_173_83.tif	Not ADCCM	DP	0.1	0.5	ADCCM	Negative_Label	0.9397722028349829
1741	5bb397bf-0fa2-4c48-a536-c046343792b4	LT0010_27/LT0010_27_173_83.tif	Not ADCCM	DP	0.1	0.5	ADCCM	Positive_Label	0.06022779716501714
1742	5bb397bf-0fa2-4c48-a536-c046343792b4	LT0010_27/LT0010_27_173_83.tif	Not Anaphase	DP	0.01	0.0	Anaphase	Negative_Label	0.10342049380624069
1743	5bb397bf-0fa2-4c48-a536-c046343792b4	LT0010_27/LT0010_27_173_83.tif	Not Anaphase	DP	0.01	0.0	Anaphase	Positive_Label	0.8965795061937594
1744	5bb397bf-0fa2-4c48-a536-c046343792b4	LT0010_27/LT0010_27_173_83.tif	Not Apoptosis	DP	0.1	1.0	Apoptosis	Negative_Label	0.816644543479549
1745	5bb397bf-0fa2-4c48-a536-c046343792b4	LT0010_27/LT0010_27_173_83.tif	Not Apoptosis	DP	0.1	1.0	Apoptosis	Positive_Label	0.18335545652045104
1746	5bb397bf-0fa2-4c48-a536-c046343792b4	LT0010_27/LT0010_27_173_83.tif	Not Binuclear	DP	0.1	0.0	Binuclear	Negative_Label	0.9998803323038076
1747	5bb397bf-0fa2-4c48-a536-c046343792b4	LT0010_27/LT0010_27_173_83.tif	Not Binuclear	DP	0.1	0.0	Binuclear	Positive_Label	0.00011966769619242701
1748	5bb397bf-0fa2-4c48-a536-c046343792b4	LT0010_27/LT0010_27_173_83.tif	Elongated	DP	0.1	0.30000000000000004	Elongated	Negative_Label	0.34913700656996094
1749	5bb397bf-0fa2-4c48-a536-c046343792b4	LT0010_27/LT0010_27_173_83.tif	Elongated	DP	0.1	0.30000000000000004	Elongated	Positive_Label	0.6508629934300391
1750	5bb397bf-0fa2-4c48-a536-c046343792b4	LT0010_27/LT0010_27_173_83.tif	Not Grape	DP	0.01	0.2	Grape	Negative_Label	0.7726600992712586
1751	5bb397bf-0fa2-4c48-a536-c046343792b4	LT0010_27/LT0010_27_173_83.tif	Not Grape	DP	0.01	0.2	Grape	Positive_Label	0.22733990072874144
1752	5bb397bf-0fa2-4c48-a536-c046343792b4	LT0010_27/LT0010_27_173_83.tif	Not Hole	DP	0.01	0.0	Hole	Negative_Label	0.20054408491537867
1753	5bb397bf-0fa2-4c48-a536-c046343792b4	LT0010_27/LT0010_27_173_83.tif	Not Hole	DP	0.01	0.0	Hole	Positive_Label	0.7994559150846213
1754	5bb397bf-0fa2-4c48-a536-c046343792b4	LT0010_27/LT0010_27_173_83.tif	Not Interphase	DP	0.1	0.6000000000000001	Interphase	Negative_Label	0.65855073250229
1755	5bb397bf-0fa2-4c48-a536-c046343792b4	LT0010_27/LT0010_27_173_83.tif	Not Interphase	DP	0.1	0.6000000000000001	Interphase	Positive_Label	0.34144926749771
1756	5bb397bf-0fa2-4c48-a536-c046343792b4	LT0010_27/LT0010_27_173_83.tif	Not Large	DP	0.1	0.8	Large	Negative_Label	0.7336541602001555
1757	5bb397bf-0fa2-4c48-a536-c046343792b4	LT0010_27/LT0010_27_173_83.tif	Not Large	DP	0.1	0.8	Large	Positive_Label	0.2663458397998445
1758	5bb397bf-0fa2-4c48-a536-c046343792b4	LT0010_27/LT0010_27_173_83.tif	Not Metaphase	DP	0.1	0.4	Metaphase	Negative_Label	0.8266425481685405
1759	5bb397bf-0fa2-4c48-a536-c046343792b4	LT0010_27/LT0010_27_173_83.tif	Not Metaphase	DP	0.1	0.4	Metaphase	Positive_Label	0.17335745183145945
1760	5bb397bf-0fa2-4c48-a536-c046343792b4	LT0010_27/LT0010_27_173_83.tif	Not MetaphaseAlignment	DP	0.01	0.30000000000000004	MetaphaseAlignment	Negative_Label	0.764587554591579
1761	5bb397bf-0fa2-4c48-a536-c046343792b4	LT0010_27/LT0010_27_173_83.tif	Not MetaphaseAlignment	DP	0.01	0.30000000000000004	MetaphaseAlignment	Positive_Label	0.235412445408421
1762	5bb397bf-0fa2-4c48-a536-c046343792b4	LT0010_27/LT0010_27_173_83.tif	Not OutOfFocus	DP	0.01	0.30000000000000004	OutOfFocus	Negative_Label	0.8587566866789983
1763	5bb397bf-0fa2-4c48-a536-c046343792b4	LT0010_27/LT0010_27_173_83.tif	Not OutOfFocus	DP	0.01	0.30000000000000004	OutOfFocus	Positive_Label	0.14124331332100168
1764	5bb397bf-0fa2-4c48-a536-c046343792b4	LT0010_27/LT0010_27_173_83.tif	Not Polylobed	DP	0.1	0.4	Polylobed	Negative_Label	0.9977081786682758
1765	5bb397bf-0fa2-4c48-a536-c046343792b4	LT0010_27/LT0010_27_173_83.tif	Not Polylobed	DP	0.1	0.4	Polylobed	Positive_Label	0.0022918213317242695
1766	5bb397bf-0fa2-4c48-a536-c046343792b4	LT0010_27/LT0010_27_173_83.tif	Not Prometaphase	DP	0.01	0.0	Prometaphase	Negative_Label	0.9552245083480693
1767	5bb397bf-0fa2-4c48-a536-c046343792b4	LT0010_27/LT0010_27_173_83.tif	Not Prometaphase	DP	0.01	0.0	Prometaphase	Positive_Label	0.044775491651930746
1768	5bb397bf-0fa2-4c48-a536-c046343792b4	LT0010_27/LT0010_27_173_83.tif	Not SmallIrregular	DP	0.01	0.2	SmallIrregular	Negative_Label	0.37952225878961343
1769	5bb397bf-0fa2-4c48-a536-c046343792b4	LT0010_27/LT0010_27_173_83.tif	Not SmallIrregular	DP	0.01	0.2	SmallIrregular	Positive_Label	0.6204777412103866
1770	5e6a06d4-2920-4926-baa3-e3180d874d06	LT0010_27/LT0010_27_173_83.tif	Not ADCCM	DP	0.1	0.5	ADCCM	Negative_Label	0.9755833120849062
1771	5e6a06d4-2920-4926-baa3-e3180d874d06	LT0010_27/LT0010_27_173_83.tif	Not ADCCM	DP	0.1	0.5	ADCCM	Positive_Label	0.02441668791509377
1772	5e6a06d4-2920-4926-baa3-e3180d874d06	LT0010_27/LT0010_27_173_83.tif	Not Anaphase	DP	0.01	0.0	Anaphase	Negative_Label	0.6105427333864216
1773	5e6a06d4-2920-4926-baa3-e3180d874d06	LT0010_27/LT0010_27_173_83.tif	Not Anaphase	DP	0.01	0.0	Anaphase	Positive_Label	0.3894572666135784
1774	5e6a06d4-2920-4926-baa3-e3180d874d06	LT0010_27/LT0010_27_173_83.tif	Not Apoptosis	DP	0.1	1.0	Apoptosis	Negative_Label	0.8907122792002359
1775	5e6a06d4-2920-4926-baa3-e3180d874d06	LT0010_27/LT0010_27_173_83.tif	Not Apoptosis	DP	0.1	1.0	Apoptosis	Positive_Label	0.10928772079976412
1776	5e6a06d4-2920-4926-baa3-e3180d874d06	LT0010_27/LT0010_27_173_83.tif	Not Binuclear	DP	0.1	0.0	Binuclear	Negative_Label	0.9999305676359425
1777	5e6a06d4-2920-4926-baa3-e3180d874d06	LT0010_27/LT0010_27_173_83.tif	Not Binuclear	DP	0.1	0.0	Binuclear	Positive_Label	6.943236405754227e-05
1778	5e6a06d4-2920-4926-baa3-e3180d874d06	LT0010_27/LT0010_27_173_83.tif	Elongated	DP	0.1	0.30000000000000004	Elongated	Negative_Label	0.20886078971840158
1779	5e6a06d4-2920-4926-baa3-e3180d874d06	LT0010_27/LT0010_27_173_83.tif	Elongated	DP	0.1	0.30000000000000004	Elongated	Positive_Label	0.7911392102815984
1780	5e6a06d4-2920-4926-baa3-e3180d874d06	LT0010_27/LT0010_27_173_83.tif	Not Grape	DP	0.01	0.2	Grape	Negative_Label	0.7738726585080985
1781	5e6a06d4-2920-4926-baa3-e3180d874d06	LT0010_27/LT0010_27_173_83.tif	Not Grape	DP	0.01	0.2	Grape	Positive_Label	0.2261273414919015
1782	5e6a06d4-2920-4926-baa3-e3180d874d06	LT0010_27/LT0010_27_173_83.tif	Not Hole	DP	0.01	0.0	Hole	Negative_Label	0.0888534437186274
1783	5e6a06d4-2920-4926-baa3-e3180d874d06	LT0010_27/LT0010_27_173_83.tif	Not Hole	DP	0.01	0.0	Hole	Positive_Label	0.9111465562813726
1784	5e6a06d4-2920-4926-baa3-e3180d874d06	LT0010_27/LT0010_27_173_83.tif	Not Interphase	DP	0.1	0.6000000000000001	Interphase	Negative_Label	0.71713249480169
1785	5e6a06d4-2920-4926-baa3-e3180d874d06	LT0010_27/LT0010_27_173_83.tif	Not Interphase	DP	0.1	0.6000000000000001	Interphase	Positive_Label	0.28286750519831005
1786	5e6a06d4-2920-4926-baa3-e3180d874d06	LT0010_27/LT0010_27_173_83.tif	Not Large	DP	0.1	0.8	Large	Negative_Label	0.7344240805971867
1787	5e6a06d4-2920-4926-baa3-e3180d874d06	LT0010_27/LT0010_27_173_83.tif	Not Large	DP	0.1	0.8	Large	Positive_Label	0.26557591940281333
1788	5e6a06d4-2920-4926-baa3-e3180d874d06	LT0010_27/LT0010_27_173_83.tif	Not Metaphase	DP	0.1	0.4	Metaphase	Negative_Label	0.84693528568888
1789	5e6a06d4-2920-4926-baa3-e3180d874d06	LT0010_27/LT0010_27_173_83.tif	Not Metaphase	DP	0.1	0.4	Metaphase	Positive_Label	0.15306471431112
1790	5e6a06d4-2920-4926-baa3-e3180d874d06	LT0010_27/LT0010_27_173_83.tif	Not MetaphaseAlignment	DP	0.01	0.30000000000000004	MetaphaseAlignment	Negative_Label	0.8393066495700904
1791	5e6a06d4-2920-4926-baa3-e3180d874d06	LT0010_27/LT0010_27_173_83.tif	Not MetaphaseAlignment	DP	0.01	0.30000000000000004	MetaphaseAlignment	Positive_Label	0.16069335042990962
1792	5e6a06d4-2920-4926-baa3-e3180d874d06	LT0010_27/LT0010_27_173_83.tif	Not OutOfFocus	DP	0.01	0.30000000000000004	OutOfFocus	Negative_Label	0.8168048315887294
1793	5e6a06d4-2920-4926-baa3-e3180d874d06	LT0010_27/LT0010_27_173_83.tif	Not OutOfFocus	DP	0.01	0.30000000000000004	OutOfFocus	Positive_Label	0.18319516841127056
1794	5e6a06d4-2920-4926-baa3-e3180d874d06	LT0010_27/LT0010_27_173_83.tif	Not Polylobed	DP	0.1	0.4	Polylobed	Negative_Label	0.9976263381314008
1795	5e6a06d4-2920-4926-baa3-e3180d874d06	LT0010_27/LT0010_27_173_83.tif	Not Polylobed	DP	0.1	0.4	Polylobed	Positive_Label	0.0023736618685992294
1796	5e6a06d4-2920-4926-baa3-e3180d874d06	LT0010_27/LT0010_27_173_83.tif	Not Prometaphase	DP	0.01	0.0	Prometaphase	Negative_Label	0.9764312375254065
1797	5e6a06d4-2920-4926-baa3-e3180d874d06	LT0010_27/LT0010_27_173_83.tif	Not Prometaphase	DP	0.01	0.0	Prometaphase	Positive_Label	0.02356876247459354
1798	5e6a06d4-2920-4926-baa3-e3180d874d06	LT0010_27/LT0010_27_173_83.tif	Not SmallIrregular	DP	0.01	0.2	SmallIrregular	Negative_Label	0.42304845393463153
1799	5e6a06d4-2920-4926-baa3-e3180d874d06	LT0010_27/LT0010_27_173_83.tif	Not SmallIrregular	DP	0.01	0.2	SmallIrregular	Positive_Label	0.5769515460653685
1800	71f0b3bc-c68f-4b6f-9e3d-3c329b1ecf82	LT0010_27/LT0010_27_173_83.tif	Not ADCCM	DP	0.1	0.5	ADCCM	Negative_Label	0.7119656835192476
1801	71f0b3bc-c68f-4b6f-9e3d-3c329b1ecf82	LT0010_27/LT0010_27_173_83.tif	Not ADCCM	DP	0.1	0.5	ADCCM	Positive_Label	0.2880343164807524
1802	71f0b3bc-c68f-4b6f-9e3d-3c329b1ecf82	LT0010_27/LT0010_27_173_83.tif	Not Anaphase	DP	0.01	0.0	Anaphase	Negative_Label	0.14676749222327135
1803	71f0b3bc-c68f-4b6f-9e3d-3c329b1ecf82	LT0010_27/LT0010_27_173_83.tif	Not Anaphase	DP	0.01	0.0	Anaphase	Positive_Label	0.8532325077767287
1804	71f0b3bc-c68f-4b6f-9e3d-3c329b1ecf82	LT0010_27/LT0010_27_173_83.tif	Not Apoptosis	DP	0.1	1.0	Apoptosis	Negative_Label	0.9588309781480701
1805	71f0b3bc-c68f-4b6f-9e3d-3c329b1ecf82	LT0010_27/LT0010_27_173_83.tif	Not Apoptosis	DP	0.1	1.0	Apoptosis	Positive_Label	0.04116902185192994
1806	71f0b3bc-c68f-4b6f-9e3d-3c329b1ecf82	LT0010_27/LT0010_27_173_83.tif	Not Binuclear	DP	0.1	0.0	Binuclear	Negative_Label	0.9931235798500991
1807	71f0b3bc-c68f-4b6f-9e3d-3c329b1ecf82	LT0010_27/LT0010_27_173_83.tif	Not Binuclear	DP	0.1	0.0	Binuclear	Positive_Label	0.006876420149900864
1808	71f0b3bc-c68f-4b6f-9e3d-3c329b1ecf82	LT0010_27/LT0010_27_173_83.tif	Elongated	DP	0.1	0.30000000000000004	Elongated	Negative_Label	0.12419030066134504
1809	71f0b3bc-c68f-4b6f-9e3d-3c329b1ecf82	LT0010_27/LT0010_27_173_83.tif	Elongated	DP	0.1	0.30000000000000004	Elongated	Positive_Label	0.8758096993386549
1810	71f0b3bc-c68f-4b6f-9e3d-3c329b1ecf82	LT0010_27/LT0010_27_173_83.tif	Not Grape	DP	0.01	0.2	Grape	Negative_Label	0.7134449539299379
1811	71f0b3bc-c68f-4b6f-9e3d-3c329b1ecf82	LT0010_27/LT0010_27_173_83.tif	Not Grape	DP	0.01	0.2	Grape	Positive_Label	0.2865550460700621
1812	71f0b3bc-c68f-4b6f-9e3d-3c329b1ecf82	LT0010_27/LT0010_27_173_83.tif	Not Hole	DP	0.01	0.0	Hole	Negative_Label	0.6663459534851209
1813	71f0b3bc-c68f-4b6f-9e3d-3c329b1ecf82	LT0010_27/LT0010_27_173_83.tif	Not Hole	DP	0.01	0.0	Hole	Positive_Label	0.33365404651487907
1814	71f0b3bc-c68f-4b6f-9e3d-3c329b1ecf82	LT0010_27/LT0010_27_173_83.tif	Not Interphase	DP	0.1	0.6000000000000001	Interphase	Negative_Label	0.980735780714965
1815	71f0b3bc-c68f-4b6f-9e3d-3c329b1ecf82	LT0010_27/LT0010_27_173_83.tif	Not Interphase	DP	0.1	0.6000000000000001	Interphase	Positive_Label	0.019264219285034967
1816	71f0b3bc-c68f-4b6f-9e3d-3c329b1ecf82	LT0010_27/LT0010_27_173_83.tif	Not Large	DP	0.1	0.8	Large	Negative_Label	0.744858944737581
1817	71f0b3bc-c68f-4b6f-9e3d-3c329b1ecf82	LT0010_27/LT0010_27_173_83.tif	Not Large	DP	0.1	0.8	Large	Positive_Label	0.25514105526241904
1818	71f0b3bc-c68f-4b6f-9e3d-3c329b1ecf82	LT0010_27/LT0010_27_173_83.tif	Not Metaphase	DP	0.1	0.4	Metaphase	Negative_Label	0.0779764292606794
1819	71f0b3bc-c68f-4b6f-9e3d-3c329b1ecf82	LT0010_27/LT0010_27_173_83.tif	Not Metaphase	DP	0.1	0.4	Metaphase	Positive_Label	0.9220235707393206
1820	71f0b3bc-c68f-4b6f-9e3d-3c329b1ecf82	LT0010_27/LT0010_27_173_83.tif	Not MetaphaseAlignment	DP	0.01	0.30000000000000004	MetaphaseAlignment	Negative_Label	0.5543113075207009
1821	71f0b3bc-c68f-4b6f-9e3d-3c329b1ecf82	LT0010_27/LT0010_27_173_83.tif	Not MetaphaseAlignment	DP	0.01	0.30000000000000004	MetaphaseAlignment	Positive_Label	0.4456886924792991
1822	71f0b3bc-c68f-4b6f-9e3d-3c329b1ecf82	LT0010_27/LT0010_27_173_83.tif	Not OutOfFocus	DP	0.01	0.30000000000000004	OutOfFocus	Negative_Label	0.7462321224166464
1823	71f0b3bc-c68f-4b6f-9e3d-3c329b1ecf82	LT0010_27/LT0010_27_173_83.tif	Not OutOfFocus	DP	0.01	0.30000000000000004	OutOfFocus	Positive_Label	0.2537678775833537
1824	71f0b3bc-c68f-4b6f-9e3d-3c329b1ecf82	LT0010_27/LT0010_27_173_83.tif	Not Polylobed	DP	0.1	0.4	Polylobed	Negative_Label	0.847812426081082
1825	71f0b3bc-c68f-4b6f-9e3d-3c329b1ecf82	LT0010_27/LT0010_27_173_83.tif	Not Polylobed	DP	0.1	0.4	Polylobed	Positive_Label	0.15218757391891802
1826	71f0b3bc-c68f-4b6f-9e3d-3c329b1ecf82	LT0010_27/LT0010_27_173_83.tif	Not Prometaphase	DP	0.01	0.0	Prometaphase	Negative_Label	0.9968841590272493
1827	71f0b3bc-c68f-4b6f-9e3d-3c329b1ecf82	LT0010_27/LT0010_27_173_83.tif	Not Prometaphase	DP	0.01	0.0	Prometaphase	Positive_Label	0.003115840972750733
1828	71f0b3bc-c68f-4b6f-9e3d-3c329b1ecf82	LT0010_27/LT0010_27_173_83.tif	Not SmallIrregular	DP	0.01	0.2	SmallIrregular	Negative_Label	0.7402418257307843
1829	71f0b3bc-c68f-4b6f-9e3d-3c329b1ecf82	LT0010_27/LT0010_27_173_83.tif	Not SmallIrregular	DP	0.01	0.2	SmallIrregular	Positive_Label	0.2597581742692157
1830	82f7949b-4ea2-45c8-8dd9-7854caf49077	LT0010_27/LT0010_27_173_83.tif	Not ADCCM	DP	0.1	0.5	ADCCM	Negative_Label	0.5334115693072494
1831	82f7949b-4ea2-45c8-8dd9-7854caf49077	LT0010_27/LT0010_27_173_83.tif	Not ADCCM	DP	0.1	0.5	ADCCM	Positive_Label	0.4665884306927506
1832	82f7949b-4ea2-45c8-8dd9-7854caf49077	LT0010_27/LT0010_27_173_83.tif	Not Anaphase	DP	0.01	0.0	Anaphase	Negative_Label	0.3889683000307413
1833	82f7949b-4ea2-45c8-8dd9-7854caf49077	LT0010_27/LT0010_27_173_83.tif	Not Anaphase	DP	0.01	0.0	Anaphase	Positive_Label	0.6110316999692587
1834	82f7949b-4ea2-45c8-8dd9-7854caf49077	LT0010_27/LT0010_27_173_83.tif	Not Apoptosis	DP	0.1	1.0	Apoptosis	Negative_Label	0.2792420285266143
1835	82f7949b-4ea2-45c8-8dd9-7854caf49077	LT0010_27/LT0010_27_173_83.tif	Not Apoptosis	DP	0.1	1.0	Apoptosis	Positive_Label	0.7207579714733857
1836	82f7949b-4ea2-45c8-8dd9-7854caf49077	LT0010_27/LT0010_27_173_83.tif	Not Binuclear	DP	0.1	0.0	Binuclear	Negative_Label	0.9974171543154592
1837	82f7949b-4ea2-45c8-8dd9-7854caf49077	LT0010_27/LT0010_27_173_83.tif	Not Binuclear	DP	0.1	0.0	Binuclear	Positive_Label	0.002582845684540813
1838	82f7949b-4ea2-45c8-8dd9-7854caf49077	LT0010_27/LT0010_27_173_83.tif	Not Elongated	DP	0.1	0.30000000000000004	Elongated	Negative_Label	0.6570007835472166
1839	82f7949b-4ea2-45c8-8dd9-7854caf49077	LT0010_27/LT0010_27_173_83.tif	Not Elongated	DP	0.1	0.30000000000000004	Elongated	Positive_Label	0.3429992164527834
1840	82f7949b-4ea2-45c8-8dd9-7854caf49077	LT0010_27/LT0010_27_173_83.tif	Not Grape	DP	0.01	0.2	Grape	Negative_Label	0.5673630571935525
1841	82f7949b-4ea2-45c8-8dd9-7854caf49077	LT0010_27/LT0010_27_173_83.tif	Not Grape	DP	0.01	0.2	Grape	Positive_Label	0.4326369428064475
1842	82f7949b-4ea2-45c8-8dd9-7854caf49077	LT0010_27/LT0010_27_173_83.tif	Not Hole	DP	0.01	0.0	Hole	Negative_Label	0.6839192664639291
1843	82f7949b-4ea2-45c8-8dd9-7854caf49077	LT0010_27/LT0010_27_173_83.tif	Not Hole	DP	0.01	0.0	Hole	Positive_Label	0.3160807335360709
1844	82f7949b-4ea2-45c8-8dd9-7854caf49077	LT0010_27/LT0010_27_173_83.tif	Not Interphase	DP	0.1	0.6000000000000001	Interphase	Negative_Label	0.5910760636178687
1845	82f7949b-4ea2-45c8-8dd9-7854caf49077	LT0010_27/LT0010_27_173_83.tif	Not Interphase	DP	0.1	0.6000000000000001	Interphase	Positive_Label	0.4089239363821313
1846	82f7949b-4ea2-45c8-8dd9-7854caf49077	LT0010_27/LT0010_27_173_83.tif	Large	DP	0.1	0.8	Large	Negative_Label	0.7688032697006454
1847	82f7949b-4ea2-45c8-8dd9-7854caf49077	LT0010_27/LT0010_27_173_83.tif	Large	DP	0.1	0.8	Large	Positive_Label	0.2311967302993546
1848	82f7949b-4ea2-45c8-8dd9-7854caf49077	LT0010_27/LT0010_27_173_83.tif	Not Metaphase	DP	0.1	0.4	Metaphase	Negative_Label	0.8425134671283402
1849	82f7949b-4ea2-45c8-8dd9-7854caf49077	LT0010_27/LT0010_27_173_83.tif	Not Metaphase	DP	0.1	0.4	Metaphase	Positive_Label	0.1574865328716598
1850	82f7949b-4ea2-45c8-8dd9-7854caf49077	LT0010_27/LT0010_27_173_83.tif	Not MetaphaseAlignment	DP	0.01	0.30000000000000004	MetaphaseAlignment	Negative_Label	0.6524921334874254
1851	82f7949b-4ea2-45c8-8dd9-7854caf49077	LT0010_27/LT0010_27_173_83.tif	Not MetaphaseAlignment	DP	0.01	0.30000000000000004	MetaphaseAlignment	Positive_Label	0.3475078665125746
1852	82f7949b-4ea2-45c8-8dd9-7854caf49077	LT0010_27/LT0010_27_173_83.tif	Not OutOfFocus	DP	0.01	0.30000000000000004	OutOfFocus	Negative_Label	0.8277489542224411
1853	82f7949b-4ea2-45c8-8dd9-7854caf49077	LT0010_27/LT0010_27_173_83.tif	Not OutOfFocus	DP	0.01	0.30000000000000004	OutOfFocus	Positive_Label	0.17225104577755887
1854	82f7949b-4ea2-45c8-8dd9-7854caf49077	LT0010_27/LT0010_27_173_83.tif	Not Polylobed	DP	0.1	0.4	Polylobed	Negative_Label	0.8144086016889993
1855	82f7949b-4ea2-45c8-8dd9-7854caf49077	LT0010_27/LT0010_27_173_83.tif	Not Polylobed	DP	0.1	0.4	Polylobed	Positive_Label	0.18559139831100063
1856	82f7949b-4ea2-45c8-8dd9-7854caf49077	LT0010_27/LT0010_27_173_83.tif	Not Prometaphase	DP	0.01	0.0	Prometaphase	Negative_Label	0.9939301999456921
1857	82f7949b-4ea2-45c8-8dd9-7854caf49077	LT0010_27/LT0010_27_173_83.tif	Not Prometaphase	DP	0.01	0.0	Prometaphase	Positive_Label	0.0060698000543078995
1858	82f7949b-4ea2-45c8-8dd9-7854caf49077	LT0010_27/LT0010_27_173_83.tif	Not SmallIrregular	DP	0.01	0.2	SmallIrregular	Negative_Label	0.4091625983686704
1859	82f7949b-4ea2-45c8-8dd9-7854caf49077	LT0010_27/LT0010_27_173_83.tif	Not SmallIrregular	DP	0.01	0.2	SmallIrregular	Positive_Label	0.5908374016313296
1860	9bbecf9e-9fd0-4a65-90dc-b20d80a4587d	LT0010_27/LT0010_27_173_83.tif	Not ADCCM	DP	0.1	0.5	ADCCM	Negative_Label	0.9345915456484859
1861	9bbecf9e-9fd0-4a65-90dc-b20d80a4587d	LT0010_27/LT0010_27_173_83.tif	Not ADCCM	DP	0.1	0.5	ADCCM	Positive_Label	0.0654084543515141
1862	9bbecf9e-9fd0-4a65-90dc-b20d80a4587d	LT0010_27/LT0010_27_173_83.tif	Not Anaphase	DP	0.01	0.0	Anaphase	Negative_Label	0.6162300877740691
1863	9bbecf9e-9fd0-4a65-90dc-b20d80a4587d	LT0010_27/LT0010_27_173_83.tif	Not Anaphase	DP	0.01	0.0	Anaphase	Positive_Label	0.38376991222593093
1864	9bbecf9e-9fd0-4a65-90dc-b20d80a4587d	LT0010_27/LT0010_27_173_83.tif	Not Apoptosis	DP	0.1	1.0	Apoptosis	Negative_Label	0.9309236985949293
1865	9bbecf9e-9fd0-4a65-90dc-b20d80a4587d	LT0010_27/LT0010_27_173_83.tif	Not Apoptosis	DP	0.1	1.0	Apoptosis	Positive_Label	0.0690763014050707
1866	9bbecf9e-9fd0-4a65-90dc-b20d80a4587d	LT0010_27/LT0010_27_173_83.tif	Not Binuclear	DP	0.1	0.0	Binuclear	Negative_Label	0.9536173083275372
1867	9bbecf9e-9fd0-4a65-90dc-b20d80a4587d	LT0010_27/LT0010_27_173_83.tif	Not Binuclear	DP	0.1	0.0	Binuclear	Positive_Label	0.046382691672462784
1868	9bbecf9e-9fd0-4a65-90dc-b20d80a4587d	LT0010_27/LT0010_27_173_83.tif	Elongated	DP	0.1	0.30000000000000004	Elongated	Negative_Label	0.0779376992896902
1869	9bbecf9e-9fd0-4a65-90dc-b20d80a4587d	LT0010_27/LT0010_27_173_83.tif	Elongated	DP	0.1	0.30000000000000004	Elongated	Positive_Label	0.9220623007103098
1870	9bbecf9e-9fd0-4a65-90dc-b20d80a4587d	LT0010_27/LT0010_27_173_83.tif	Not Grape	DP	0.01	0.2	Grape	Negative_Label	0.5930553058230795
1871	9bbecf9e-9fd0-4a65-90dc-b20d80a4587d	LT0010_27/LT0010_27_173_83.tif	Not Grape	DP	0.01	0.2	Grape	Positive_Label	0.4069446941769205
1872	9bbecf9e-9fd0-4a65-90dc-b20d80a4587d	LT0010_27/LT0010_27_173_83.tif	Not Hole	DP	0.01	0.0	Hole	Negative_Label	0.38593993681814504
1873	9bbecf9e-9fd0-4a65-90dc-b20d80a4587d	LT0010_27/LT0010_27_173_83.tif	Not Hole	DP	0.01	0.0	Hole	Positive_Label	0.6140600631818549
1874	9bbecf9e-9fd0-4a65-90dc-b20d80a4587d	LT0010_27/LT0010_27_173_83.tif	Not Interphase	DP	0.1	0.6000000000000001	Interphase	Negative_Label	0.8990303633104358
1875	9bbecf9e-9fd0-4a65-90dc-b20d80a4587d	LT0010_27/LT0010_27_173_83.tif	Not Interphase	DP	0.1	0.6000000000000001	Interphase	Positive_Label	0.10096963668956416
1876	9bbecf9e-9fd0-4a65-90dc-b20d80a4587d	LT0010_27/LT0010_27_173_83.tif	Not Large	DP	0.1	0.8	Large	Negative_Label	0.5824269050898078
1877	9bbecf9e-9fd0-4a65-90dc-b20d80a4587d	LT0010_27/LT0010_27_173_83.tif	Not Large	DP	0.1	0.8	Large	Positive_Label	0.41757309491019223
1878	9bbecf9e-9fd0-4a65-90dc-b20d80a4587d	LT0010_27/LT0010_27_173_83.tif	Not Metaphase	DP	0.1	0.4	Metaphase	Negative_Label	0.6963758483318926
1879	9bbecf9e-9fd0-4a65-90dc-b20d80a4587d	LT0010_27/LT0010_27_173_83.tif	Not Metaphase	DP	0.1	0.4	Metaphase	Positive_Label	0.3036241516681074
1880	9bbecf9e-9fd0-4a65-90dc-b20d80a4587d	LT0010_27/LT0010_27_173_83.tif	Not MetaphaseAlignment	DP	0.01	0.30000000000000004	MetaphaseAlignment	Negative_Label	0.8017008753921556
1881	9bbecf9e-9fd0-4a65-90dc-b20d80a4587d	LT0010_27/LT0010_27_173_83.tif	Not MetaphaseAlignment	DP	0.01	0.30000000000000004	MetaphaseAlignment	Positive_Label	0.19829912460784438
1882	9bbecf9e-9fd0-4a65-90dc-b20d80a4587d	LT0010_27/LT0010_27_173_83.tif	Not OutOfFocus	DP	0.01	0.30000000000000004	OutOfFocus	Negative_Label	0.8086550598689858
1883	9bbecf9e-9fd0-4a65-90dc-b20d80a4587d	LT0010_27/LT0010_27_173_83.tif	Not OutOfFocus	DP	0.01	0.30000000000000004	OutOfFocus	Positive_Label	0.19134494013101425
1884	9bbecf9e-9fd0-4a65-90dc-b20d80a4587d	LT0010_27/LT0010_27_173_83.tif	Not Polylobed	DP	0.1	0.4	Polylobed	Negative_Label	0.9839153228233212
1885	9bbecf9e-9fd0-4a65-90dc-b20d80a4587d	LT0010_27/LT0010_27_173_83.tif	Not Polylobed	DP	0.1	0.4	Polylobed	Positive_Label	0.016084677176678868
1886	9bbecf9e-9fd0-4a65-90dc-b20d80a4587d	LT0010_27/LT0010_27_173_83.tif	Not Prometaphase	DP	0.01	0.0	Prometaphase	Negative_Label	0.9976578227845657
1887	9bbecf9e-9fd0-4a65-90dc-b20d80a4587d	LT0010_27/LT0010_27_173_83.tif	Not Prometaphase	DP	0.01	0.0	Prometaphase	Positive_Label	0.002342177215434266
1888	9bbecf9e-9fd0-4a65-90dc-b20d80a4587d	LT0010_27/LT0010_27_173_83.tif	Not SmallIrregular	DP	0.01	0.2	SmallIrregular	Negative_Label	0.467959308311256
1889	9bbecf9e-9fd0-4a65-90dc-b20d80a4587d	LT0010_27/LT0010_27_173_83.tif	Not SmallIrregular	DP	0.01	0.2	SmallIrregular	Positive_Label	0.532040691688744
1890	9f4b9044-8882-451e-958f-57baccb90e64	LT0010_27/LT0010_27_173_83.tif	Not ADCCM	DP	0.1	0.5	ADCCM	Negative_Label	0.20168486716536657
1891	9f4b9044-8882-451e-958f-57baccb90e64	LT0010_27/LT0010_27_173_83.tif	Not ADCCM	DP	0.1	0.5	ADCCM	Positive_Label	0.7983151328346334
1892	9f4b9044-8882-451e-958f-57baccb90e64	LT0010_27/LT0010_27_173_83.tif	Not Anaphase	DP	0.01	0.0	Anaphase	Negative_Label	0.7472069638603439
1893	9f4b9044-8882-451e-958f-57baccb90e64	LT0010_27/LT0010_27_173_83.tif	Not Anaphase	DP	0.01	0.0	Anaphase	Positive_Label	0.2527930361396561
1894	9f4b9044-8882-451e-958f-57baccb90e64	LT0010_27/LT0010_27_173_83.tif	Not Apoptosis	DP	0.1	1.0	Apoptosis	Negative_Label	0.8929500879033336
1895	9f4b9044-8882-451e-958f-57baccb90e64	LT0010_27/LT0010_27_173_83.tif	Not Apoptosis	DP	0.1	1.0	Apoptosis	Positive_Label	0.10704991209666637
1896	9f4b9044-8882-451e-958f-57baccb90e64	LT0010_27/LT0010_27_173_83.tif	Not Binuclear	DP	0.1	0.0	Binuclear	Negative_Label	0.3304865361248239
1897	9f4b9044-8882-451e-958f-57baccb90e64	LT0010_27/LT0010_27_173_83.tif	Not Binuclear	DP	0.1	0.0	Binuclear	Positive_Label	0.6695134638751761
1898	9f4b9044-8882-451e-958f-57baccb90e64	LT0010_27/LT0010_27_173_83.tif	Elongated	DP	0.1	0.30000000000000004	Elongated	Negative_Label	0.38023113817853943
1899	9f4b9044-8882-451e-958f-57baccb90e64	LT0010_27/LT0010_27_173_83.tif	Elongated	DP	0.1	0.30000000000000004	Elongated	Positive_Label	0.6197688618214605
1900	9f4b9044-8882-451e-958f-57baccb90e64	LT0010_27/LT0010_27_173_83.tif	Not Grape	DP	0.01	0.2	Grape	Negative_Label	0.639955061009241
1901	9f4b9044-8882-451e-958f-57baccb90e64	LT0010_27/LT0010_27_173_83.tif	Not Grape	DP	0.01	0.2	Grape	Positive_Label	0.36004493899075896
1902	9f4b9044-8882-451e-958f-57baccb90e64	LT0010_27/LT0010_27_173_83.tif	Not Hole	DP	0.01	0.0	Hole	Negative_Label	0.5813021837504413
1903	9f4b9044-8882-451e-958f-57baccb90e64	LT0010_27/LT0010_27_173_83.tif	Not Hole	DP	0.01	0.0	Hole	Positive_Label	0.4186978162495587
1904	9f4b9044-8882-451e-958f-57baccb90e64	LT0010_27/LT0010_27_173_83.tif	Not Interphase	DP	0.1	0.6000000000000001	Interphase	Negative_Label	0.6601942240028145
1905	9f4b9044-8882-451e-958f-57baccb90e64	LT0010_27/LT0010_27_173_83.tif	Not Interphase	DP	0.1	0.6000000000000001	Interphase	Positive_Label	0.33980577599718553
1906	9f4b9044-8882-451e-958f-57baccb90e64	LT0010_27/LT0010_27_173_83.tif	Not Large	DP	0.1	0.8	Large	Negative_Label	0.21877847067064396
1907	9f4b9044-8882-451e-958f-57baccb90e64	LT0010_27/LT0010_27_173_83.tif	Not Large	DP	0.1	0.8	Large	Positive_Label	0.7812215293293561
1908	9f4b9044-8882-451e-958f-57baccb90e64	LT0010_27/LT0010_27_173_83.tif	Not Metaphase	DP	0.1	0.4	Metaphase	Negative_Label	0.6010120424399363
1909	9f4b9044-8882-451e-958f-57baccb90e64	LT0010_27/LT0010_27_173_83.tif	Not Metaphase	DP	0.1	0.4	Metaphase	Positive_Label	0.39898795756006367
1910	9f4b9044-8882-451e-958f-57baccb90e64	LT0010_27/LT0010_27_173_83.tif	Not MetaphaseAlignment	DP	0.01	0.30000000000000004	MetaphaseAlignment	Negative_Label	0.5244591582521791
1911	9f4b9044-8882-451e-958f-57baccb90e64	LT0010_27/LT0010_27_173_83.tif	Not MetaphaseAlignment	DP	0.01	0.30000000000000004	MetaphaseAlignment	Positive_Label	0.47554084174782085
1912	9f4b9044-8882-451e-958f-57baccb90e64	LT0010_27/LT0010_27_173_83.tif	Not OutOfFocus	DP	0.01	0.30000000000000004	OutOfFocus	Negative_Label	0.8961262945218147
1913	9f4b9044-8882-451e-958f-57baccb90e64	LT0010_27/LT0010_27_173_83.tif	Not OutOfFocus	DP	0.01	0.30000000000000004	OutOfFocus	Positive_Label	0.10387370547818534
1914	9f4b9044-8882-451e-958f-57baccb90e64	LT0010_27/LT0010_27_173_83.tif	Not Polylobed	DP	0.1	0.4	Polylobed	Negative_Label	0.8266038563270675
1915	9f4b9044-8882-451e-958f-57baccb90e64	LT0010_27/LT0010_27_173_83.tif	Not Polylobed	DP	0.1	0.4	Polylobed	Positive_Label	0.1733961436729326
1916	9f4b9044-8882-451e-958f-57baccb90e64	LT0010_27/LT0010_27_173_83.tif	Not Prometaphase	DP	0.01	0.0	Prometaphase	Negative_Label	0.8209791241384577
1917	9f4b9044-8882-451e-958f-57baccb90e64	LT0010_27/LT0010_27_173_83.tif	Not Prometaphase	DP	0.01	0.0	Prometaphase	Positive_Label	0.17902087586154228
1918	9f4b9044-8882-451e-958f-57baccb90e64	LT0010_27/LT0010_27_173_83.tif	Not SmallIrregular	DP	0.01	0.2	SmallIrregular	Negative_Label	0.6415775723174864
1919	9f4b9044-8882-451e-958f-57baccb90e64	LT0010_27/LT0010_27_173_83.tif	Not SmallIrregular	DP	0.01	0.2	SmallIrregular	Positive_Label	0.3584224276825137
1920	9f99cd26-b707-4915-81fa-9646d1e19331	LT0010_27/LT0010_27_173_83.tif	Not ADCCM	DP	0.1	0.5	ADCCM	Negative_Label	0.8452590989600748
1921	9f99cd26-b707-4915-81fa-9646d1e19331	LT0010_27/LT0010_27_173_83.tif	Not ADCCM	DP	0.1	0.5	ADCCM	Positive_Label	0.15474090103992522
1922	9f99cd26-b707-4915-81fa-9646d1e19331	LT0010_27/LT0010_27_173_83.tif	Not Anaphase	DP	0.01	0.0	Anaphase	Negative_Label	0.3039111278278084
1923	9f99cd26-b707-4915-81fa-9646d1e19331	LT0010_27/LT0010_27_173_83.tif	Not Anaphase	DP	0.01	0.0	Anaphase	Positive_Label	0.6960888721721916
1924	9f99cd26-b707-4915-81fa-9646d1e19331	LT0010_27/LT0010_27_173_83.tif	Not Apoptosis	DP	0.1	1.0	Apoptosis	Negative_Label	0.8124958318805281
1925	9f99cd26-b707-4915-81fa-9646d1e19331	LT0010_27/LT0010_27_173_83.tif	Not Apoptosis	DP	0.1	1.0	Apoptosis	Positive_Label	0.1875041681194719
1926	9f99cd26-b707-4915-81fa-9646d1e19331	LT0010_27/LT0010_27_173_83.tif	Not Binuclear	DP	0.1	0.0	Binuclear	Negative_Label	0.9800830371109376
1927	9f99cd26-b707-4915-81fa-9646d1e19331	LT0010_27/LT0010_27_173_83.tif	Not Binuclear	DP	0.1	0.0	Binuclear	Positive_Label	0.019916962889062417
1928	9f99cd26-b707-4915-81fa-9646d1e19331	LT0010_27/LT0010_27_173_83.tif	Elongated	DP	0.1	0.30000000000000004	Elongated	Negative_Label	0.022820218133144363
1929	9f99cd26-b707-4915-81fa-9646d1e19331	LT0010_27/LT0010_27_173_83.tif	Elongated	DP	0.1	0.30000000000000004	Elongated	Positive_Label	0.9771797818668556
1930	9f99cd26-b707-4915-81fa-9646d1e19331	LT0010_27/LT0010_27_173_83.tif	Not Grape	DP	0.01	0.2	Grape	Negative_Label	0.606576916017346
1931	9f99cd26-b707-4915-81fa-9646d1e19331	LT0010_27/LT0010_27_173_83.tif	Not Grape	DP	0.01	0.2	Grape	Positive_Label	0.393423083982654
1932	9f99cd26-b707-4915-81fa-9646d1e19331	LT0010_27/LT0010_27_173_83.tif	Not Hole	DP	0.01	0.0	Hole	Negative_Label	0.94634790139351
1933	9f99cd26-b707-4915-81fa-9646d1e19331	LT0010_27/LT0010_27_173_83.tif	Not Hole	DP	0.01	0.0	Hole	Positive_Label	0.053652098606490006
1934	9f99cd26-b707-4915-81fa-9646d1e19331	LT0010_27/LT0010_27_173_83.tif	Not Interphase	DP	0.1	0.6000000000000001	Interphase	Negative_Label	0.5050371409068222
1935	9f99cd26-b707-4915-81fa-9646d1e19331	LT0010_27/LT0010_27_173_83.tif	Not Interphase	DP	0.1	0.6000000000000001	Interphase	Positive_Label	0.49496285909317783
1936	9f99cd26-b707-4915-81fa-9646d1e19331	LT0010_27/LT0010_27_173_83.tif	Not Large	DP	0.1	0.8	Large	Negative_Label	0.5700833396109755
1937	9f99cd26-b707-4915-81fa-9646d1e19331	LT0010_27/LT0010_27_173_83.tif	Not Large	DP	0.1	0.8	Large	Positive_Label	0.42991666038902454
1938	9f99cd26-b707-4915-81fa-9646d1e19331	LT0010_27/LT0010_27_173_83.tif	Not Metaphase	DP	0.1	0.4	Metaphase	Negative_Label	0.23606539215999142
1939	9f99cd26-b707-4915-81fa-9646d1e19331	LT0010_27/LT0010_27_173_83.tif	Not Metaphase	DP	0.1	0.4	Metaphase	Positive_Label	0.7639346078400086
1940	9f99cd26-b707-4915-81fa-9646d1e19331	LT0010_27/LT0010_27_173_83.tif	Not MetaphaseAlignment	DP	0.01	0.30000000000000004	MetaphaseAlignment	Negative_Label	0.54856812292897
1941	9f99cd26-b707-4915-81fa-9646d1e19331	LT0010_27/LT0010_27_173_83.tif	Not MetaphaseAlignment	DP	0.01	0.30000000000000004	MetaphaseAlignment	Positive_Label	0.45143187707103005
1942	9f99cd26-b707-4915-81fa-9646d1e19331	LT0010_27/LT0010_27_173_83.tif	Not OutOfFocus	DP	0.01	0.30000000000000004	OutOfFocus	Negative_Label	0.888795299669171
1943	9f99cd26-b707-4915-81fa-9646d1e19331	LT0010_27/LT0010_27_173_83.tif	Not OutOfFocus	DP	0.01	0.30000000000000004	OutOfFocus	Positive_Label	0.11120470033082896
1944	9f99cd26-b707-4915-81fa-9646d1e19331	LT0010_27/LT0010_27_173_83.tif	Not Polylobed	DP	0.1	0.4	Polylobed	Negative_Label	0.4598619202047236
1945	9f99cd26-b707-4915-81fa-9646d1e19331	LT0010_27/LT0010_27_173_83.tif	Not Polylobed	DP	0.1	0.4	Polylobed	Positive_Label	0.5401380797952764
1946	9f99cd26-b707-4915-81fa-9646d1e19331	LT0010_27/LT0010_27_173_83.tif	Not Prometaphase	DP	0.01	0.0	Prometaphase	Negative_Label	0.9714925323895388
1947	9f99cd26-b707-4915-81fa-9646d1e19331	LT0010_27/LT0010_27_173_83.tif	Not Prometaphase	DP	0.01	0.0	Prometaphase	Positive_Label	0.02850746761046119
1948	9f99cd26-b707-4915-81fa-9646d1e19331	LT0010_27/LT0010_27_173_83.tif	Not SmallIrregular	DP	0.01	0.2	SmallIrregular	Negative_Label	0.7009850212863906
1949	9f99cd26-b707-4915-81fa-9646d1e19331	LT0010_27/LT0010_27_173_83.tif	Not SmallIrregular	DP	0.01	0.2	SmallIrregular	Positive_Label	0.29901497871360944
1950	9fab8311-2c40-405b-bf94-d7b8f252fe6c	LT0010_27/LT0010_27_173_83.tif	Not ADCCM	DP	0.1	0.5	ADCCM	Negative_Label	0.5781856038724699
1951	9fab8311-2c40-405b-bf94-d7b8f252fe6c	LT0010_27/LT0010_27_173_83.tif	Not ADCCM	DP	0.1	0.5	ADCCM	Positive_Label	0.42181439612753013
1952	9fab8311-2c40-405b-bf94-d7b8f252fe6c	LT0010_27/LT0010_27_173_83.tif	Not Anaphase	DP	0.01	0.0	Anaphase	Negative_Label	0.0867484273402511
1953	9fab8311-2c40-405b-bf94-d7b8f252fe6c	LT0010_27/LT0010_27_173_83.tif	Not Anaphase	DP	0.01	0.0	Anaphase	Positive_Label	0.9132515726597489
1954	9fab8311-2c40-405b-bf94-d7b8f252fe6c	LT0010_27/LT0010_27_173_83.tif	Not Apoptosis	DP	0.1	1.0	Apoptosis	Negative_Label	0.631726756138273
1955	9fab8311-2c40-405b-bf94-d7b8f252fe6c	LT0010_27/LT0010_27_173_83.tif	Not Apoptosis	DP	0.1	1.0	Apoptosis	Positive_Label	0.368273243861727
1956	9fab8311-2c40-405b-bf94-d7b8f252fe6c	LT0010_27/LT0010_27_173_83.tif	Not Binuclear	DP	0.1	0.0	Binuclear	Negative_Label	0.9673213514903536
1957	9fab8311-2c40-405b-bf94-d7b8f252fe6c	LT0010_27/LT0010_27_173_83.tif	Not Binuclear	DP	0.1	0.0	Binuclear	Positive_Label	0.03267864850964641
1958	9fab8311-2c40-405b-bf94-d7b8f252fe6c	LT0010_27/LT0010_27_173_83.tif	Elongated	DP	0.1	0.30000000000000004	Elongated	Negative_Label	0.5247522502096373
1959	9fab8311-2c40-405b-bf94-d7b8f252fe6c	LT0010_27/LT0010_27_173_83.tif	Elongated	DP	0.1	0.30000000000000004	Elongated	Positive_Label	0.47524774979036266
1960	9fab8311-2c40-405b-bf94-d7b8f252fe6c	LT0010_27/LT0010_27_173_83.tif	Not Grape	DP	0.01	0.2	Grape	Negative_Label	0.7419972308271571
1961	9fab8311-2c40-405b-bf94-d7b8f252fe6c	LT0010_27/LT0010_27_173_83.tif	Not Grape	DP	0.01	0.2	Grape	Positive_Label	0.2580027691728429
1962	9fab8311-2c40-405b-bf94-d7b8f252fe6c	LT0010_27/LT0010_27_173_83.tif	Not Hole	DP	0.01	0.0	Hole	Negative_Label	0.541013312914058
1963	9fab8311-2c40-405b-bf94-d7b8f252fe6c	LT0010_27/LT0010_27_173_83.tif	Not Hole	DP	0.01	0.0	Hole	Positive_Label	0.45898668708594204
1964	9fab8311-2c40-405b-bf94-d7b8f252fe6c	LT0010_27/LT0010_27_173_83.tif	Not Interphase	DP	0.1	0.6000000000000001	Interphase	Negative_Label	0.6508537577959446
1965	9fab8311-2c40-405b-bf94-d7b8f252fe6c	LT0010_27/LT0010_27_173_83.tif	Not Interphase	DP	0.1	0.6000000000000001	Interphase	Positive_Label	0.34914624220405543
1966	9fab8311-2c40-405b-bf94-d7b8f252fe6c	LT0010_27/LT0010_27_173_83.tif	Not Large	DP	0.1	0.8	Large	Negative_Label	0.6654402494791156
1967	9fab8311-2c40-405b-bf94-d7b8f252fe6c	LT0010_27/LT0010_27_173_83.tif	Not Large	DP	0.1	0.8	Large	Positive_Label	0.3345597505208844
1968	9fab8311-2c40-405b-bf94-d7b8f252fe6c	LT0010_27/LT0010_27_173_83.tif	Not Metaphase	DP	0.1	0.4	Metaphase	Negative_Label	0.5563300490248129
1969	9fab8311-2c40-405b-bf94-d7b8f252fe6c	LT0010_27/LT0010_27_173_83.tif	Not Metaphase	DP	0.1	0.4	Metaphase	Positive_Label	0.44366995097518713
1970	9fab8311-2c40-405b-bf94-d7b8f252fe6c	LT0010_27/LT0010_27_173_83.tif	Not MetaphaseAlignment	DP	0.01	0.30000000000000004	MetaphaseAlignment	Negative_Label	0.6455812540965741
1971	9fab8311-2c40-405b-bf94-d7b8f252fe6c	LT0010_27/LT0010_27_173_83.tif	Not MetaphaseAlignment	DP	0.01	0.30000000000000004	MetaphaseAlignment	Positive_Label	0.3544187459034259
1972	9fab8311-2c40-405b-bf94-d7b8f252fe6c	LT0010_27/LT0010_27_173_83.tif	Not OutOfFocus	DP	0.01	0.30000000000000004	OutOfFocus	Negative_Label	0.7308378909400637
1973	9fab8311-2c40-405b-bf94-d7b8f252fe6c	LT0010_27/LT0010_27_173_83.tif	Not OutOfFocus	DP	0.01	0.30000000000000004	OutOfFocus	Positive_Label	0.2691621090599363
1974	9fab8311-2c40-405b-bf94-d7b8f252fe6c	LT0010_27/LT0010_27_173_83.tif	Not Polylobed	DP	0.1	0.4	Polylobed	Negative_Label	0.9917320504230249
1975	9fab8311-2c40-405b-bf94-d7b8f252fe6c	LT0010_27/LT0010_27_173_83.tif	Not Polylobed	DP	0.1	0.4	Polylobed	Positive_Label	0.008267949576975074
1976	9fab8311-2c40-405b-bf94-d7b8f252fe6c	LT0010_27/LT0010_27_173_83.tif	Not Prometaphase	DP	0.01	0.0	Prometaphase	Negative_Label	0.9841087218157741
1977	9fab8311-2c40-405b-bf94-d7b8f252fe6c	LT0010_27/LT0010_27_173_83.tif	Not Prometaphase	DP	0.01	0.0	Prometaphase	Positive_Label	0.01589127818422585
1978	9fab8311-2c40-405b-bf94-d7b8f252fe6c	LT0010_27/LT0010_27_173_83.tif	Not SmallIrregular	DP	0.01	0.2	SmallIrregular	Negative_Label	0.4575733618159762
1979	9fab8311-2c40-405b-bf94-d7b8f252fe6c	LT0010_27/LT0010_27_173_83.tif	Not SmallIrregular	DP	0.01	0.2	SmallIrregular	Positive_Label	0.5424266381840238
1980	a271fc91-d68c-4d45-93da-62d1eb0b365e	LT0010_27/LT0010_27_173_83.tif	Not ADCCM	DP	0.1	0.5	ADCCM	Negative_Label	0.9075172696487015
1981	a271fc91-d68c-4d45-93da-62d1eb0b365e	LT0010_27/LT0010_27_173_83.tif	Not ADCCM	DP	0.1	0.5	ADCCM	Positive_Label	0.0924827303512985
1982	a271fc91-d68c-4d45-93da-62d1eb0b365e	LT0010_27/LT0010_27_173_83.tif	Not Anaphase	DP	0.01	0.0	Anaphase	Negative_Label	0.5259377833530993
1983	a271fc91-d68c-4d45-93da-62d1eb0b365e	LT0010_27/LT0010_27_173_83.tif	Not Anaphase	DP	0.01	0.0	Anaphase	Positive_Label	0.47406221664690074
1984	a271fc91-d68c-4d45-93da-62d1eb0b365e	LT0010_27/LT0010_27_173_83.tif	Not Apoptosis	DP	0.1	1.0	Apoptosis	Negative_Label	0.8833479803923304
1985	a271fc91-d68c-4d45-93da-62d1eb0b365e	LT0010_27/LT0010_27_173_83.tif	Not Apoptosis	DP	0.1	1.0	Apoptosis	Positive_Label	0.11665201960766958
1986	a271fc91-d68c-4d45-93da-62d1eb0b365e	LT0010_27/LT0010_27_173_83.tif	Not Binuclear	DP	0.1	0.0	Binuclear	Negative_Label	0.9997205642314064
1987	a271fc91-d68c-4d45-93da-62d1eb0b365e	LT0010_27/LT0010_27_173_83.tif	Not Binuclear	DP	0.1	0.0	Binuclear	Positive_Label	0.0002794357685935722
1988	a271fc91-d68c-4d45-93da-62d1eb0b365e	LT0010_27/LT0010_27_173_83.tif	Elongated	DP	0.1	0.30000000000000004	Elongated	Negative_Label	0.01923313997543292
1989	a271fc91-d68c-4d45-93da-62d1eb0b365e	LT0010_27/LT0010_27_173_83.tif	Elongated	DP	0.1	0.30000000000000004	Elongated	Positive_Label	0.980766860024567
1990	a271fc91-d68c-4d45-93da-62d1eb0b365e	LT0010_27/LT0010_27_173_83.tif	Not Grape	DP	0.01	0.2	Grape	Negative_Label	0.7462041184022414
1991	a271fc91-d68c-4d45-93da-62d1eb0b365e	LT0010_27/LT0010_27_173_83.tif	Not Grape	DP	0.01	0.2	Grape	Positive_Label	0.25379588159775857
1992	a271fc91-d68c-4d45-93da-62d1eb0b365e	LT0010_27/LT0010_27_173_83.tif	Not Hole	DP	0.01	0.0	Hole	Negative_Label	0.8021087867512205
1993	a271fc91-d68c-4d45-93da-62d1eb0b365e	LT0010_27/LT0010_27_173_83.tif	Not Hole	DP	0.01	0.0	Hole	Positive_Label	0.19789121324877945
1994	a271fc91-d68c-4d45-93da-62d1eb0b365e	LT0010_27/LT0010_27_173_83.tif	Not Interphase	DP	0.1	0.6000000000000001	Interphase	Negative_Label	0.4576614634940777
1995	a271fc91-d68c-4d45-93da-62d1eb0b365e	LT0010_27/LT0010_27_173_83.tif	Not Interphase	DP	0.1	0.6000000000000001	Interphase	Positive_Label	0.5423385365059223
1996	a271fc91-d68c-4d45-93da-62d1eb0b365e	LT0010_27/LT0010_27_173_83.tif	Not Large	DP	0.1	0.8	Large	Negative_Label	0.7062952813782678
1997	a271fc91-d68c-4d45-93da-62d1eb0b365e	LT0010_27/LT0010_27_173_83.tif	Not Large	DP	0.1	0.8	Large	Positive_Label	0.2937047186217322
1998	a271fc91-d68c-4d45-93da-62d1eb0b365e	LT0010_27/LT0010_27_173_83.tif	Not Metaphase	DP	0.1	0.4	Metaphase	Negative_Label	0.5547827458293699
1999	a271fc91-d68c-4d45-93da-62d1eb0b365e	LT0010_27/LT0010_27_173_83.tif	Not Metaphase	DP	0.1	0.4	Metaphase	Positive_Label	0.4452172541706301
2000	a271fc91-d68c-4d45-93da-62d1eb0b365e	LT0010_27/LT0010_27_173_83.tif	Not MetaphaseAlignment	DP	0.01	0.30000000000000004	MetaphaseAlignment	Negative_Label	0.7395915160676618
2001	a271fc91-d68c-4d45-93da-62d1eb0b365e	LT0010_27/LT0010_27_173_83.tif	Not MetaphaseAlignment	DP	0.01	0.30000000000000004	MetaphaseAlignment	Positive_Label	0.2604084839323382
2002	a271fc91-d68c-4d45-93da-62d1eb0b365e	LT0010_27/LT0010_27_173_83.tif	Not OutOfFocus	DP	0.01	0.30000000000000004	OutOfFocus	Negative_Label	0.8305702990873564
2003	a271fc91-d68c-4d45-93da-62d1eb0b365e	LT0010_27/LT0010_27_173_83.tif	Not OutOfFocus	DP	0.01	0.30000000000000004	OutOfFocus	Positive_Label	0.16942970091264362
2004	a271fc91-d68c-4d45-93da-62d1eb0b365e	LT0010_27/LT0010_27_173_83.tif	Not Polylobed	DP	0.1	0.4	Polylobed	Negative_Label	0.9799970637521715
2005	a271fc91-d68c-4d45-93da-62d1eb0b365e	LT0010_27/LT0010_27_173_83.tif	Not Polylobed	DP	0.1	0.4	Polylobed	Positive_Label	0.02000293624782848
2006	a271fc91-d68c-4d45-93da-62d1eb0b365e	LT0010_27/LT0010_27_173_83.tif	Not Prometaphase	DP	0.01	0.0	Prometaphase	Negative_Label	0.9944561941634298
2007	a271fc91-d68c-4d45-93da-62d1eb0b365e	LT0010_27/LT0010_27_173_83.tif	Not Prometaphase	DP	0.01	0.0	Prometaphase	Positive_Label	0.005543805836570268
2008	a271fc91-d68c-4d45-93da-62d1eb0b365e	LT0010_27/LT0010_27_173_83.tif	Not SmallIrregular	DP	0.01	0.2	SmallIrregular	Negative_Label	0.5926854345116771
2009	a271fc91-d68c-4d45-93da-62d1eb0b365e	LT0010_27/LT0010_27_173_83.tif	Not SmallIrregular	DP	0.01	0.2	SmallIrregular	Positive_Label	0.4073145654883229
2010	cec7234f-fe35-4411-aded-f8112bb31219	LT0010_27/LT0010_27_173_83.tif	Not ADCCM	DP	0.1	0.5	ADCCM	Negative_Label	0.7591555629915172
2011	cec7234f-fe35-4411-aded-f8112bb31219	LT0010_27/LT0010_27_173_83.tif	Not ADCCM	DP	0.1	0.5	ADCCM	Positive_Label	0.2408444370084828
2012	cec7234f-fe35-4411-aded-f8112bb31219	LT0010_27/LT0010_27_173_83.tif	Not Anaphase	DP	0.01	0.0	Anaphase	Negative_Label	0.12247376701775936
2013	cec7234f-fe35-4411-aded-f8112bb31219	LT0010_27/LT0010_27_173_83.tif	Not Anaphase	DP	0.01	0.0	Anaphase	Positive_Label	0.8775262329822406
2014	cec7234f-fe35-4411-aded-f8112bb31219	LT0010_27/LT0010_27_173_83.tif	Not Apoptosis	DP	0.1	1.0	Apoptosis	Negative_Label	0.8189940859799467
2015	cec7234f-fe35-4411-aded-f8112bb31219	LT0010_27/LT0010_27_173_83.tif	Not Apoptosis	DP	0.1	1.0	Apoptosis	Positive_Label	0.18100591402005328
2016	cec7234f-fe35-4411-aded-f8112bb31219	LT0010_27/LT0010_27_173_83.tif	Not Binuclear	DP	0.1	0.0	Binuclear	Negative_Label	0.9512550773860029
2017	cec7234f-fe35-4411-aded-f8112bb31219	LT0010_27/LT0010_27_173_83.tif	Not Binuclear	DP	0.1	0.0	Binuclear	Positive_Label	0.0487449226139971
2018	cec7234f-fe35-4411-aded-f8112bb31219	LT0010_27/LT0010_27_173_83.tif	Not Elongated	DP	0.1	0.30000000000000004	Elongated	Negative_Label	0.28063596290936593
2019	cec7234f-fe35-4411-aded-f8112bb31219	LT0010_27/LT0010_27_173_83.tif	Not Elongated	DP	0.1	0.30000000000000004	Elongated	Positive_Label	0.719364037090634
2020	cec7234f-fe35-4411-aded-f8112bb31219	LT0010_27/LT0010_27_173_83.tif	Not Grape	DP	0.01	0.2	Grape	Negative_Label	0.6892178256046234
2021	cec7234f-fe35-4411-aded-f8112bb31219	LT0010_27/LT0010_27_173_83.tif	Not Grape	DP	0.01	0.2	Grape	Positive_Label	0.3107821743953766
2022	cec7234f-fe35-4411-aded-f8112bb31219	LT0010_27/LT0010_27_173_83.tif	Not Hole	DP	0.01	0.0	Hole	Negative_Label	0.2965778158395833
2023	cec7234f-fe35-4411-aded-f8112bb31219	LT0010_27/LT0010_27_173_83.tif	Not Hole	DP	0.01	0.0	Hole	Positive_Label	0.7034221841604167
2024	cec7234f-fe35-4411-aded-f8112bb31219	LT0010_27/LT0010_27_173_83.tif	Not Interphase	DP	0.1	0.6000000000000001	Interphase	Negative_Label	0.6450810818704835
2025	cec7234f-fe35-4411-aded-f8112bb31219	LT0010_27/LT0010_27_173_83.tif	Not Interphase	DP	0.1	0.6000000000000001	Interphase	Positive_Label	0.3549189181295165
2026	cec7234f-fe35-4411-aded-f8112bb31219	LT0010_27/LT0010_27_173_83.tif	Large	DP	0.1	0.8	Large	Negative_Label	0.8666373593512708
2027	cec7234f-fe35-4411-aded-f8112bb31219	LT0010_27/LT0010_27_173_83.tif	Large	DP	0.1	0.8	Large	Positive_Label	0.13336264064872916
2028	cec7234f-fe35-4411-aded-f8112bb31219	LT0010_27/LT0010_27_173_83.tif	Not Metaphase	DP	0.1	0.4	Metaphase	Negative_Label	0.6071881749082926
2029	cec7234f-fe35-4411-aded-f8112bb31219	LT0010_27/LT0010_27_173_83.tif	Not Metaphase	DP	0.1	0.4	Metaphase	Positive_Label	0.3928118250917074
2030	cec7234f-fe35-4411-aded-f8112bb31219	LT0010_27/LT0010_27_173_83.tif	Not MetaphaseAlignment	DP	0.01	0.30000000000000004	MetaphaseAlignment	Negative_Label	0.6089558078511599
2031	cec7234f-fe35-4411-aded-f8112bb31219	LT0010_27/LT0010_27_173_83.tif	Not MetaphaseAlignment	DP	0.01	0.30000000000000004	MetaphaseAlignment	Positive_Label	0.3910441921488401
2032	cec7234f-fe35-4411-aded-f8112bb31219	LT0010_27/LT0010_27_173_83.tif	Not OutOfFocus	DP	0.01	0.30000000000000004	OutOfFocus	Negative_Label	0.719762261943337
2033	cec7234f-fe35-4411-aded-f8112bb31219	LT0010_27/LT0010_27_173_83.tif	Not OutOfFocus	DP	0.01	0.30000000000000004	OutOfFocus	Positive_Label	0.280237738056663
2034	cec7234f-fe35-4411-aded-f8112bb31219	LT0010_27/LT0010_27_173_83.tif	Not Polylobed	DP	0.1	0.4	Polylobed	Negative_Label	0.9859689640514653
2035	cec7234f-fe35-4411-aded-f8112bb31219	LT0010_27/LT0010_27_173_83.tif	Not Polylobed	DP	0.1	0.4	Polylobed	Positive_Label	0.014031035948534705
2036	cec7234f-fe35-4411-aded-f8112bb31219	LT0010_27/LT0010_27_173_83.tif	Not Prometaphase	DP	0.01	0.0	Prometaphase	Negative_Label	0.9814201712022733
2037	cec7234f-fe35-4411-aded-f8112bb31219	LT0010_27/LT0010_27_173_83.tif	Not Prometaphase	DP	0.01	0.0	Prometaphase	Positive_Label	0.01857982879772669
2038	cec7234f-fe35-4411-aded-f8112bb31219	LT0010_27/LT0010_27_173_83.tif	Not SmallIrregular	DP	0.01	0.2	SmallIrregular	Negative_Label	0.3024650867143718
2039	cec7234f-fe35-4411-aded-f8112bb31219	LT0010_27/LT0010_27_173_83.tif	Not SmallIrregular	DP	0.01	0.2	SmallIrregular	Positive_Label	0.6975349132856282
2040	d2187d10-eff4-4be1-9bbd-4771844dce1f	LT0010_27/LT0010_27_173_83.tif	Not ADCCM	DP	0.1	0.5	ADCCM	Negative_Label	0.9176352444512679
2041	d2187d10-eff4-4be1-9bbd-4771844dce1f	LT0010_27/LT0010_27_173_83.tif	Not ADCCM	DP	0.1	0.5	ADCCM	Positive_Label	0.08236475554873213
2042	d2187d10-eff4-4be1-9bbd-4771844dce1f	LT0010_27/LT0010_27_173_83.tif	Not Anaphase	DP	0.01	0.0	Anaphase	Negative_Label	0.42707423314213444
2043	d2187d10-eff4-4be1-9bbd-4771844dce1f	LT0010_27/LT0010_27_173_83.tif	Not Anaphase	DP	0.01	0.0	Anaphase	Positive_Label	0.5729257668578656
2044	d2187d10-eff4-4be1-9bbd-4771844dce1f	LT0010_27/LT0010_27_173_83.tif	Not Apoptosis	DP	0.1	1.0	Apoptosis	Negative_Label	0.9365591754552872
2045	d2187d10-eff4-4be1-9bbd-4771844dce1f	LT0010_27/LT0010_27_173_83.tif	Not Apoptosis	DP	0.1	1.0	Apoptosis	Positive_Label	0.06344082454471278
2046	d2187d10-eff4-4be1-9bbd-4771844dce1f	LT0010_27/LT0010_27_173_83.tif	Not Binuclear	DP	0.1	0.0	Binuclear	Negative_Label	0.9979369152526631
2047	d2187d10-eff4-4be1-9bbd-4771844dce1f	LT0010_27/LT0010_27_173_83.tif	Not Binuclear	DP	0.1	0.0	Binuclear	Positive_Label	0.002063084747336852
2048	d2187d10-eff4-4be1-9bbd-4771844dce1f	LT0010_27/LT0010_27_173_83.tif	Elongated	DP	0.1	0.30000000000000004	Elongated	Negative_Label	0.004846971353623631
2049	d2187d10-eff4-4be1-9bbd-4771844dce1f	LT0010_27/LT0010_27_173_83.tif	Elongated	DP	0.1	0.30000000000000004	Elongated	Positive_Label	0.9951530286463763
2050	d2187d10-eff4-4be1-9bbd-4771844dce1f	LT0010_27/LT0010_27_173_83.tif	Not Grape	DP	0.01	0.2	Grape	Negative_Label	0.691308535564222
2051	d2187d10-eff4-4be1-9bbd-4771844dce1f	LT0010_27/LT0010_27_173_83.tif	Not Grape	DP	0.01	0.2	Grape	Positive_Label	0.308691464435778
2052	d2187d10-eff4-4be1-9bbd-4771844dce1f	LT0010_27/LT0010_27_173_83.tif	Not Hole	DP	0.01	0.0	Hole	Negative_Label	0.6636956270315009
2053	d2187d10-eff4-4be1-9bbd-4771844dce1f	LT0010_27/LT0010_27_173_83.tif	Not Hole	DP	0.01	0.0	Hole	Positive_Label	0.33630437296849913
2054	d2187d10-eff4-4be1-9bbd-4771844dce1f	LT0010_27/LT0010_27_173_83.tif	Not Interphase	DP	0.1	0.6000000000000001	Interphase	Negative_Label	0.8016739227229819
2055	d2187d10-eff4-4be1-9bbd-4771844dce1f	LT0010_27/LT0010_27_173_83.tif	Not Interphase	DP	0.1	0.6000000000000001	Interphase	Positive_Label	0.19832607727701812
2056	d2187d10-eff4-4be1-9bbd-4771844dce1f	LT0010_27/LT0010_27_173_83.tif	Not Large	DP	0.1	0.8	Large	Negative_Label	0.5910554719330385
2057	d2187d10-eff4-4be1-9bbd-4771844dce1f	LT0010_27/LT0010_27_173_83.tif	Not Large	DP	0.1	0.8	Large	Positive_Label	0.40894452806696147
2058	d2187d10-eff4-4be1-9bbd-4771844dce1f	LT0010_27/LT0010_27_173_83.tif	Not Metaphase	DP	0.1	0.4	Metaphase	Negative_Label	0.4780890257116465
2059	d2187d10-eff4-4be1-9bbd-4771844dce1f	LT0010_27/LT0010_27_173_83.tif	Not Metaphase	DP	0.1	0.4	Metaphase	Positive_Label	0.5219109742883534
2060	d2187d10-eff4-4be1-9bbd-4771844dce1f	LT0010_27/LT0010_27_173_83.tif	Not MetaphaseAlignment	DP	0.01	0.30000000000000004	MetaphaseAlignment	Negative_Label	0.6978079429797486
2061	d2187d10-eff4-4be1-9bbd-4771844dce1f	LT0010_27/LT0010_27_173_83.tif	Not MetaphaseAlignment	DP	0.01	0.30000000000000004	MetaphaseAlignment	Positive_Label	0.3021920570202514
2062	d2187d10-eff4-4be1-9bbd-4771844dce1f	LT0010_27/LT0010_27_173_83.tif	Not OutOfFocus	DP	0.01	0.30000000000000004	OutOfFocus	Negative_Label	0.8580806200561992
2063	d2187d10-eff4-4be1-9bbd-4771844dce1f	LT0010_27/LT0010_27_173_83.tif	Not OutOfFocus	DP	0.01	0.30000000000000004	OutOfFocus	Positive_Label	0.14191937994380072
2064	d2187d10-eff4-4be1-9bbd-4771844dce1f	LT0010_27/LT0010_27_173_83.tif	Not Polylobed	DP	0.1	0.4	Polylobed	Negative_Label	0.9136506294515832
2065	d2187d10-eff4-4be1-9bbd-4771844dce1f	LT0010_27/LT0010_27_173_83.tif	Not Polylobed	DP	0.1	0.4	Polylobed	Positive_Label	0.08634937054841685
2066	d2187d10-eff4-4be1-9bbd-4771844dce1f	LT0010_27/LT0010_27_173_83.tif	Not Prometaphase	DP	0.01	0.0	Prometaphase	Negative_Label	0.9995526948722027
2067	d2187d10-eff4-4be1-9bbd-4771844dce1f	LT0010_27/LT0010_27_173_83.tif	Not Prometaphase	DP	0.01	0.0	Prometaphase	Positive_Label	0.0004473051277973003
2068	d2187d10-eff4-4be1-9bbd-4771844dce1f	LT0010_27/LT0010_27_173_83.tif	Not SmallIrregular	DP	0.01	0.2	SmallIrregular	Negative_Label	0.40897447016778543
2069	d2187d10-eff4-4be1-9bbd-4771844dce1f	LT0010_27/LT0010_27_173_83.tif	Not SmallIrregular	DP	0.01	0.2	SmallIrregular	Positive_Label	0.5910255298322146
2070	d4b75ce8-18b0-434b-9436-4decbff1aead	LT0010_27/LT0010_27_173_83.tif	Not ADCCM	DP	0.1	0.5	ADCCM	Negative_Label	0.8630797936047573
2071	d4b75ce8-18b0-434b-9436-4decbff1aead	LT0010_27/LT0010_27_173_83.tif	Not ADCCM	DP	0.1	0.5	ADCCM	Positive_Label	0.13692020639524272
2072	d4b75ce8-18b0-434b-9436-4decbff1aead	LT0010_27/LT0010_27_173_83.tif	Not Anaphase	DP	0.01	0.0	Anaphase	Negative_Label	0.2723656929567915
2073	d4b75ce8-18b0-434b-9436-4decbff1aead	LT0010_27/LT0010_27_173_83.tif	Not Anaphase	DP	0.01	0.0	Anaphase	Positive_Label	0.7276343070432085
2074	d4b75ce8-18b0-434b-9436-4decbff1aead	LT0010_27/LT0010_27_173_83.tif	Not Apoptosis	DP	0.1	1.0	Apoptosis	Negative_Label	0.9005053805448651
2075	d4b75ce8-18b0-434b-9436-4decbff1aead	LT0010_27/LT0010_27_173_83.tif	Not Apoptosis	DP	0.1	1.0	Apoptosis	Positive_Label	0.09949461945513494
2076	d4b75ce8-18b0-434b-9436-4decbff1aead	LT0010_27/LT0010_27_173_83.tif	Not Binuclear	DP	0.1	0.0	Binuclear	Negative_Label	0.993395764119132
2077	d4b75ce8-18b0-434b-9436-4decbff1aead	LT0010_27/LT0010_27_173_83.tif	Not Binuclear	DP	0.1	0.0	Binuclear	Positive_Label	0.0066042358808680035
2078	d4b75ce8-18b0-434b-9436-4decbff1aead	LT0010_27/LT0010_27_173_83.tif	Elongated	DP	0.1	0.30000000000000004	Elongated	Negative_Label	0.061741684734368425
2079	d4b75ce8-18b0-434b-9436-4decbff1aead	LT0010_27/LT0010_27_173_83.tif	Elongated	DP	0.1	0.30000000000000004	Elongated	Positive_Label	0.9382583152656315
2080	d4b75ce8-18b0-434b-9436-4decbff1aead	LT0010_27/LT0010_27_173_83.tif	Not Grape	DP	0.01	0.2	Grape	Negative_Label	0.5866842078875089
2081	d4b75ce8-18b0-434b-9436-4decbff1aead	LT0010_27/LT0010_27_173_83.tif	Not Grape	DP	0.01	0.2	Grape	Positive_Label	0.41331579211249114
2082	d4b75ce8-18b0-434b-9436-4decbff1aead	LT0010_27/LT0010_27_173_83.tif	Not Hole	DP	0.01	0.0	Hole	Negative_Label	0.9720141337999434
2083	d4b75ce8-18b0-434b-9436-4decbff1aead	LT0010_27/LT0010_27_173_83.tif	Not Hole	DP	0.01	0.0	Hole	Positive_Label	0.02798586620005661
2084	d4b75ce8-18b0-434b-9436-4decbff1aead	LT0010_27/LT0010_27_173_83.tif	Not Interphase	DP	0.1	0.6000000000000001	Interphase	Negative_Label	0.9549560426452531
2085	d4b75ce8-18b0-434b-9436-4decbff1aead	LT0010_27/LT0010_27_173_83.tif	Not Interphase	DP	0.1	0.6000000000000001	Interphase	Positive_Label	0.045043957354746866
2086	d4b75ce8-18b0-434b-9436-4decbff1aead	LT0010_27/LT0010_27_173_83.tif	Not Large	DP	0.1	0.8	Large	Negative_Label	0.6522139013936261
2087	d4b75ce8-18b0-434b-9436-4decbff1aead	LT0010_27/LT0010_27_173_83.tif	Not Large	DP	0.1	0.8	Large	Positive_Label	0.3477860986063739
2088	d4b75ce8-18b0-434b-9436-4decbff1aead	LT0010_27/LT0010_27_173_83.tif	Not Metaphase	DP	0.1	0.4	Metaphase	Negative_Label	0.4252332670070746
2089	d4b75ce8-18b0-434b-9436-4decbff1aead	LT0010_27/LT0010_27_173_83.tif	Not Metaphase	DP	0.1	0.4	Metaphase	Positive_Label	0.5747667329929254
2090	d4b75ce8-18b0-434b-9436-4decbff1aead	LT0010_27/LT0010_27_173_83.tif	Not MetaphaseAlignment	DP	0.01	0.30000000000000004	MetaphaseAlignment	Negative_Label	0.6410861933557592
2091	d4b75ce8-18b0-434b-9436-4decbff1aead	LT0010_27/LT0010_27_173_83.tif	Not MetaphaseAlignment	DP	0.01	0.30000000000000004	MetaphaseAlignment	Positive_Label	0.3589138066442408
2092	d4b75ce8-18b0-434b-9436-4decbff1aead	LT0010_27/LT0010_27_173_83.tif	Not OutOfFocus	DP	0.01	0.30000000000000004	OutOfFocus	Negative_Label	0.8332257310499016
2093	d4b75ce8-18b0-434b-9436-4decbff1aead	LT0010_27/LT0010_27_173_83.tif	Not OutOfFocus	DP	0.01	0.30000000000000004	OutOfFocus	Positive_Label	0.16677426895009836
2094	d4b75ce8-18b0-434b-9436-4decbff1aead	LT0010_27/LT0010_27_173_83.tif	Not Polylobed	DP	0.1	0.4	Polylobed	Negative_Label	0.5118408076275925
2095	d4b75ce8-18b0-434b-9436-4decbff1aead	LT0010_27/LT0010_27_173_83.tif	Not Polylobed	DP	0.1	0.4	Polylobed	Positive_Label	0.48815919237240746
2096	d4b75ce8-18b0-434b-9436-4decbff1aead	LT0010_27/LT0010_27_173_83.tif	Not Prometaphase	DP	0.01	0.0	Prometaphase	Negative_Label	0.9976851445670498
2097	d4b75ce8-18b0-434b-9436-4decbff1aead	LT0010_27/LT0010_27_173_83.tif	Not Prometaphase	DP	0.01	0.0	Prometaphase	Positive_Label	0.002314855432950187
2098	d4b75ce8-18b0-434b-9436-4decbff1aead	LT0010_27/LT0010_27_173_83.tif	Not SmallIrregular	DP	0.01	0.2	SmallIrregular	Negative_Label	0.7930106689069997
2099	d4b75ce8-18b0-434b-9436-4decbff1aead	LT0010_27/LT0010_27_173_83.tif	Not SmallIrregular	DP	0.01	0.2	SmallIrregular	Positive_Label	0.20698933109300036
2100	defefcd5-4b2e-4bb9-b42f-5f0a00066307	LT0010_27/LT0010_27_173_83.tif	Not ADCCM	DP	0.1	0.5	ADCCM	Negative_Label	0.7660483420668995
2101	defefcd5-4b2e-4bb9-b42f-5f0a00066307	LT0010_27/LT0010_27_173_83.tif	Not ADCCM	DP	0.1	0.5	ADCCM	Positive_Label	0.23395165793310047
2102	defefcd5-4b2e-4bb9-b42f-5f0a00066307	LT0010_27/LT0010_27_173_83.tif	Not Anaphase	DP	0.01	0.0	Anaphase	Negative_Label	0.34293321231021845
2103	defefcd5-4b2e-4bb9-b42f-5f0a00066307	LT0010_27/LT0010_27_173_83.tif	Not Anaphase	DP	0.01	0.0	Anaphase	Positive_Label	0.6570667876897816
2104	defefcd5-4b2e-4bb9-b42f-5f0a00066307	LT0010_27/LT0010_27_173_83.tif	Not Apoptosis	DP	0.1	1.0	Apoptosis	Negative_Label	0.8457564683687009
2105	defefcd5-4b2e-4bb9-b42f-5f0a00066307	LT0010_27/LT0010_27_173_83.tif	Not Apoptosis	DP	0.1	1.0	Apoptosis	Positive_Label	0.1542435316312991
2106	defefcd5-4b2e-4bb9-b42f-5f0a00066307	LT0010_27/LT0010_27_173_83.tif	Not Binuclear	DP	0.1	0.0	Binuclear	Negative_Label	0.9116854473502469
2107	defefcd5-4b2e-4bb9-b42f-5f0a00066307	LT0010_27/LT0010_27_173_83.tif	Not Binuclear	DP	0.1	0.0	Binuclear	Positive_Label	0.08831455264975308
2108	defefcd5-4b2e-4bb9-b42f-5f0a00066307	LT0010_27/LT0010_27_173_83.tif	Elongated	DP	0.1	0.30000000000000004	Elongated	Negative_Label	0.3492430545962757
2109	defefcd5-4b2e-4bb9-b42f-5f0a00066307	LT0010_27/LT0010_27_173_83.tif	Elongated	DP	0.1	0.30000000000000004	Elongated	Positive_Label	0.6507569454037243
2110	defefcd5-4b2e-4bb9-b42f-5f0a00066307	LT0010_27/LT0010_27_173_83.tif	Not Grape	DP	0.01	0.2	Grape	Negative_Label	0.6955856809128865
2111	defefcd5-4b2e-4bb9-b42f-5f0a00066307	LT0010_27/LT0010_27_173_83.tif	Not Grape	DP	0.01	0.2	Grape	Positive_Label	0.30441431908711347
2112	defefcd5-4b2e-4bb9-b42f-5f0a00066307	LT0010_27/LT0010_27_173_83.tif	Not Hole	DP	0.01	0.0	Hole	Negative_Label	0.6151897134135872
2113	defefcd5-4b2e-4bb9-b42f-5f0a00066307	LT0010_27/LT0010_27_173_83.tif	Not Hole	DP	0.01	0.0	Hole	Positive_Label	0.3848102865864128
2114	defefcd5-4b2e-4bb9-b42f-5f0a00066307	LT0010_27/LT0010_27_173_83.tif	Not Interphase	DP	0.1	0.6000000000000001	Interphase	Negative_Label	0.7884942725367687
2115	defefcd5-4b2e-4bb9-b42f-5f0a00066307	LT0010_27/LT0010_27_173_83.tif	Not Interphase	DP	0.1	0.6000000000000001	Interphase	Positive_Label	0.21150572746323126
2116	defefcd5-4b2e-4bb9-b42f-5f0a00066307	LT0010_27/LT0010_27_173_83.tif	Not Large	DP	0.1	0.8	Large	Negative_Label	0.8956005922347576
2117	defefcd5-4b2e-4bb9-b42f-5f0a00066307	LT0010_27/LT0010_27_173_83.tif	Not Large	DP	0.1	0.8	Large	Positive_Label	0.10439940776524237
2118	defefcd5-4b2e-4bb9-b42f-5f0a00066307	LT0010_27/LT0010_27_173_83.tif	Not Metaphase	DP	0.1	0.4	Metaphase	Negative_Label	0.637658551917472
2119	defefcd5-4b2e-4bb9-b42f-5f0a00066307	LT0010_27/LT0010_27_173_83.tif	Not Metaphase	DP	0.1	0.4	Metaphase	Positive_Label	0.362341448082528
2120	defefcd5-4b2e-4bb9-b42f-5f0a00066307	LT0010_27/LT0010_27_173_83.tif	Not MetaphaseAlignment	DP	0.01	0.30000000000000004	MetaphaseAlignment	Negative_Label	0.7087221701530082
2121	defefcd5-4b2e-4bb9-b42f-5f0a00066307	LT0010_27/LT0010_27_173_83.tif	Not MetaphaseAlignment	DP	0.01	0.30000000000000004	MetaphaseAlignment	Positive_Label	0.2912778298469918
2122	defefcd5-4b2e-4bb9-b42f-5f0a00066307	LT0010_27/LT0010_27_173_83.tif	Not OutOfFocus	DP	0.01	0.30000000000000004	OutOfFocus	Negative_Label	0.6678046451851154
2123	defefcd5-4b2e-4bb9-b42f-5f0a00066307	LT0010_27/LT0010_27_173_83.tif	Not OutOfFocus	DP	0.01	0.30000000000000004	OutOfFocus	Positive_Label	0.3321953548148846
2124	defefcd5-4b2e-4bb9-b42f-5f0a00066307	LT0010_27/LT0010_27_173_83.tif	Not Polylobed	DP	0.1	0.4	Polylobed	Negative_Label	0.9655143979555286
2125	defefcd5-4b2e-4bb9-b42f-5f0a00066307	LT0010_27/LT0010_27_173_83.tif	Not Polylobed	DP	0.1	0.4	Polylobed	Positive_Label	0.0344856020444714
2126	defefcd5-4b2e-4bb9-b42f-5f0a00066307	LT0010_27/LT0010_27_173_83.tif	Not Prometaphase	DP	0.01	0.0	Prometaphase	Negative_Label	0.9837468300481235
2127	defefcd5-4b2e-4bb9-b42f-5f0a00066307	LT0010_27/LT0010_27_173_83.tif	Not Prometaphase	DP	0.01	0.0	Prometaphase	Positive_Label	0.016253169951876527
2128	defefcd5-4b2e-4bb9-b42f-5f0a00066307	LT0010_27/LT0010_27_173_83.tif	Not SmallIrregular	DP	0.01	0.2	SmallIrregular	Negative_Label	0.32043763140268355
2129	defefcd5-4b2e-4bb9-b42f-5f0a00066307	LT0010_27/LT0010_27_173_83.tif	Not SmallIrregular	DP	0.01	0.2	SmallIrregular	Positive_Label	0.6795623685973164
2130	f74ce97f-5862-419b-a9a8-44ad53d332a2	LT0010_27/LT0010_27_173_83.tif	Not ADCCM	DP	0.1	0.5	ADCCM	Negative_Label	0.9687777848643917
2131	f74ce97f-5862-419b-a9a8-44ad53d332a2	LT0010_27/LT0010_27_173_83.tif	Not ADCCM	DP	0.1	0.5	ADCCM	Positive_Label	0.0312222151356083
2132	f74ce97f-5862-419b-a9a8-44ad53d332a2	LT0010_27/LT0010_27_173_83.tif	Not Anaphase	DP	0.01	0.0	Anaphase	Negative_Label	0.9858518221444857
2133	f74ce97f-5862-419b-a9a8-44ad53d332a2	LT0010_27/LT0010_27_173_83.tif	Not Anaphase	DP	0.01	0.0	Anaphase	Positive_Label	0.014148177855514255
2134	f74ce97f-5862-419b-a9a8-44ad53d332a2	LT0010_27/LT0010_27_173_83.tif	Not Apoptosis	DP	0.1	1.0	Apoptosis	Negative_Label	0.9655591850187406
2135	f74ce97f-5862-419b-a9a8-44ad53d332a2	LT0010_27/LT0010_27_173_83.tif	Not Apoptosis	DP	0.1	1.0	Apoptosis	Positive_Label	0.03444081498125939
2136	f74ce97f-5862-419b-a9a8-44ad53d332a2	LT0010_27/LT0010_27_173_83.tif	Not Binuclear	DP	0.1	0.0	Binuclear	Negative_Label	0.04474291019204802
2137	f74ce97f-5862-419b-a9a8-44ad53d332a2	LT0010_27/LT0010_27_173_83.tif	Not Binuclear	DP	0.1	0.0	Binuclear	Positive_Label	0.955257089807952
2138	f74ce97f-5862-419b-a9a8-44ad53d332a2	LT0010_27/LT0010_27_173_83.tif	Elongated	DP	0.1	0.30000000000000004	Elongated	Negative_Label	0.7686342110804844
2139	f74ce97f-5862-419b-a9a8-44ad53d332a2	LT0010_27/LT0010_27_173_83.tif	Elongated	DP	0.1	0.30000000000000004	Elongated	Positive_Label	0.23136578891951565
2140	f74ce97f-5862-419b-a9a8-44ad53d332a2	LT0010_27/LT0010_27_173_83.tif	Not Grape	DP	0.01	0.2	Grape	Negative_Label	0.6103545555248671
2141	f74ce97f-5862-419b-a9a8-44ad53d332a2	LT0010_27/LT0010_27_173_83.tif	Not Grape	DP	0.01	0.2	Grape	Positive_Label	0.38964544447513294
2142	f74ce97f-5862-419b-a9a8-44ad53d332a2	LT0010_27/LT0010_27_173_83.tif	Not Hole	DP	0.01	0.0	Hole	Negative_Label	0.9979558148554122
2143	f74ce97f-5862-419b-a9a8-44ad53d332a2	LT0010_27/LT0010_27_173_83.tif	Not Hole	DP	0.01	0.0	Hole	Positive_Label	0.002044185144587818
2144	f74ce97f-5862-419b-a9a8-44ad53d332a2	LT0010_27/LT0010_27_173_83.tif	Not Interphase	DP	0.1	0.6000000000000001	Interphase	Negative_Label	0.7594475594249761
2145	f74ce97f-5862-419b-a9a8-44ad53d332a2	LT0010_27/LT0010_27_173_83.tif	Not Interphase	DP	0.1	0.6000000000000001	Interphase	Positive_Label	0.2405524405750239
2146	f74ce97f-5862-419b-a9a8-44ad53d332a2	LT0010_27/LT0010_27_173_83.tif	Not Large	DP	0.1	0.8	Large	Negative_Label	0.09505012053676999
2147	f74ce97f-5862-419b-a9a8-44ad53d332a2	LT0010_27/LT0010_27_173_83.tif	Not Large	DP	0.1	0.8	Large	Positive_Label	0.90494987946323
2148	f74ce97f-5862-419b-a9a8-44ad53d332a2	LT0010_27/LT0010_27_173_83.tif	Not Metaphase	DP	0.1	0.4	Metaphase	Negative_Label	0.8310606197607739
2149	f74ce97f-5862-419b-a9a8-44ad53d332a2	LT0010_27/LT0010_27_173_83.tif	Not Metaphase	DP	0.1	0.4	Metaphase	Positive_Label	0.16893938023922606
2150	f74ce97f-5862-419b-a9a8-44ad53d332a2	LT0010_27/LT0010_27_173_83.tif	Not MetaphaseAlignment	DP	0.01	0.30000000000000004	MetaphaseAlignment	Negative_Label	0.7879363515394946
2151	f74ce97f-5862-419b-a9a8-44ad53d332a2	LT0010_27/LT0010_27_173_83.tif	Not MetaphaseAlignment	DP	0.01	0.30000000000000004	MetaphaseAlignment	Positive_Label	0.2120636484605054
2152	f74ce97f-5862-419b-a9a8-44ad53d332a2	LT0010_27/LT0010_27_173_83.tif	Not OutOfFocus	DP	0.01	0.30000000000000004	OutOfFocus	Negative_Label	0.885671741790595
2153	f74ce97f-5862-419b-a9a8-44ad53d332a2	LT0010_27/LT0010_27_173_83.tif	Not OutOfFocus	DP	0.01	0.30000000000000004	OutOfFocus	Positive_Label	0.114328258209405
2154	f74ce97f-5862-419b-a9a8-44ad53d332a2	LT0010_27/LT0010_27_173_83.tif	Not Polylobed	DP	0.1	0.4	Polylobed	Negative_Label	0.9424920819590624
2155	f74ce97f-5862-419b-a9a8-44ad53d332a2	LT0010_27/LT0010_27_173_83.tif	Not Polylobed	DP	0.1	0.4	Polylobed	Positive_Label	0.0575079180409376
2156	f74ce97f-5862-419b-a9a8-44ad53d332a2	LT0010_27/LT0010_27_173_83.tif	Not Prometaphase	DP	0.01	0.0	Prometaphase	Negative_Label	0.9719081619136567
2157	f74ce97f-5862-419b-a9a8-44ad53d332a2	LT0010_27/LT0010_27_173_83.tif	Not Prometaphase	DP	0.01	0.0	Prometaphase	Positive_Label	0.028091838086343315
2158	f74ce97f-5862-419b-a9a8-44ad53d332a2	LT0010_27/LT0010_27_173_83.tif	Not SmallIrregular	DP	0.01	0.2	SmallIrregular	Negative_Label	0.70196480191942
2159	f74ce97f-5862-419b-a9a8-44ad53d332a2	LT0010_27/LT0010_27_173_83.tif	Not SmallIrregular	DP	0.01	0.2	SmallIrregular	Positive_Label	0.29803519808058004
